2 4 2
6 13 1
1 4 3
5 8 2
8 10 3
1 5 2
6 8 3
21 29 2
17 27 3
5 5 10
11 11 6
4 4 95
50 150 20
1 1 1
1 2 1
1 3 1
1 3 2
1 4 2
1 5 2
1 5 3
2 5 2
3 5 1
100 1000 10
1 1000 15
500 600 1
12 999 13
14 57 16
1 1000 15
1 1000 30
1 1000 100
178 357 315
374 474 886
540 746 533
278 279 711
444 884 848
483 704 159
593 647 451
7 311 969
172 702 721
392 498 416
271 676 124
501 585 497
598 822 37
355 875 315
110 417 758
265 592 814
423 591 758
597 873 420
193 298 591
41 266 441
663 681 468
599 804 320
301 420 917
126 689 143
355 543 253
112 807 196
277 581 786
34 453 734
805 998 383
263 748 423
1 1000 1000
1 50000 10
1 50000 100
1 50000 1000
3756 28085 32709
12158 12429 41499
2370 41995 3703
2209 15402 24194
29078 47498 610
36246 36414 25297
338 30018 37635
6911 26592 10965
21333 21890 41727
14550 22673 36941
23524 34658 15025
22584 46815 27454
5162 14082 46175
17785 23722 27928
8330 21219 7006
7632 8939 43251
588 24321 39620
913 38222 46531
15538 38597 18420
7264 11269 49321
1144 44204 330
23727 25581 47145
19386 37809 2306
21945 31912 26027
9839 46626 13597
5565 33196 37581
22504 42798 282
10725 32418 455
28948 42614 3411
13719 49877 1173
33936 47769 2
26104 45900 86
21045 47474 95
32152 44416 73
7018 12046 88
19304 31685 12
13514 22874 69
13573 30681 82
9423 18877 68
1497 37086 45
15617 29368 81
27869 37621 84
25859 48913 9
9681 14053 12
38078 38278 30
36114 37517 33
8987 38329 98
28097 38911 79
5131 48333 7
25050 35418 55
13994 31138 24
3226 35110 92
10968 18561 56
31369 41373 88
9033 29650 65
17166 27362 78
21846 31346 64
16295 48843 27
13373 37777 59
12826 46779 77
