75
2 2 15 17 10 12 9 15 6 17 6 4 8 1 13 14 0 14 11 13 4 9 6 3 13 16 0 13 7 10 19 2 12 6 11 14 18 0 9 4 18 8 8 18 9 13 12 2 8 4 7 4 5 13 0 11 1 12 4 1 2 15 3 7 1 6 1 19 7 3 16 17 11 16 15
53
1371206050 371159119 173425806 310051990 1958073643 1239345133 1008326534 1317425661 948614319 1377422134 1404852712 1807518800 1445151426 1172092748 2145144541 1811579829 127520195 1632587696 1848971816 1332918836 2080170963 1058960549 574755087 1457478182 1693468472 1647483723 825252531 920736155 560602452 443183938 2044946108 1931808502 814343057 70888266 94376844 624933053 1310233400 1102703378 1942358714 111364071 332641865 1199727778 1918882871 1777793291 224336878 1916543765 1441889472 351857073 1401647813 1143377640 1684775909 1334335128 1371206050
49
2 14 12 13 2 16 11 2 18 1 8 14 14 8 12 0 19 17 10 3 1 8 0 5 1 5 6 2 14 8 10 8 14 2 2 16 10 5 10 0 18 19 14 12 19 7 4 19 16
35
1593178954 1680509537 588536002 897678366 2091921823 1216407743 1603825591 1499228101 1381571745 1496824297 961388921 1658783096 2034152666 24389107 1548041870 1893579580 1756448464 1609950521 1518288977 1760062154 1628833901 1722623916 106118445 1699068856 984033800 252334385 775875115 1244877345 162590396 1339378191 1557398679 1755769350 872404081 2145934682 1593178954
57
17 19 9 15 9 10 11 7 17 13 19 13 6 8 0 0 16 5 8 17 10 3 14 6 14 13 8 7 7 16 3 17 8 12 12 9 14 15 16 12 0 7 17 7 15 17 7 12 3 15 9 5 10 15 12 16 8
41
1386448304 1273866928 292713349 899671179 2016360125 1266220417 581480764 1060316549 1551374146 1393265978 64519296 1034843554 1211932282 577010236 1610208221 1793928140 2060256243 500789828 604348409 1848123922 1576695940 2044278832 1639682129 1526993061 2071086498 63322331 1596558536 847361802 605906368 1195307397 128874094 1992354672 321690677 421587443 744542203 190567154 1687807860 1326022967 1250883703 1091698358 1386448304
100
12 0 15 5 12 11 14 2 5 6 6 7 0 16 18 8 10 6 5 5 10 2 8 6 16 1 13 11 19 11 2 4 4 10 1 8 1 7 2 18 6 1 17 6 9 16 14 0 14 12 5 17 6 5 3 15 6 16 6 18 0 1 14 16 11 15 4 12 15 19 2 1 0 0 19 9 8 13 1 2 17 6 19 4 4 2 11 10 11 17 8 11 10 14 19 1 10 15 5 5
55
1196726788 691147978 2038163734 249382360 803608297 1314510976 449121208 487705402 1449962097 1315712970 1286599600 980714216 66314662 770174576 1012035540 1105076444 993848467 42034842 1572236855 968955816 1955486551 1327323378 1022234167 2026288765 2013601077 1225350648 1412573367 262066145 1307674574 1215044904 1180696199 356917714 1906192882 1071376286 606300074 562317531 238403614 1055421282 1050022934 1688365711 223650604 189138886 521596279 289965266 959313462 1533631819 1395041711 1953161929 1575666662 819794918 774634097 1383669565 2147118297 1796868264 1196726788
27
5 2 3 11 6 3 5 1 1 19 12 15 1 18 18 17 4 18 4 6 17 15 7 11 5 17 8
15
196841053 1993764451 352437193 1071576318 373845205 480255416 1106502509 2116454511 1788769839 1498346414 1470289404 2021176900 349006745 1386441829 196841053
59
205133539 356196666 384820576 1360447784 889485684 804518060 1327591842 808922873 471773607 1100414182 156543077 958824072 1647870619 887832845 1445509187 1844711672 734113648 1797946380 768804343 1107958853 130718148 1875306852 1076929717 1919487988 1226169619 399735473 1793181240 1575176364 1786177302 2137685168 1830264723 1991310842 346398186 67601651 1204274978 1235883870 872119711 384383172 2044806743 1343893318 1484797354 53866172 155233742 985184325 941699018 1600742929 682412350 1675812666 1251205661 1451216693 636287872 1381923810 1179039897 1713217589 1153928150 257725868 2112953062 799625742 1832902233
18
789827262 1515683308 1595473911 1136225448 1583284959 652265241 224625670 307921022 1036648413 121948766 1651814340 373962120 175814938 1807048082 1359146445 1117513956 1260307364 789827262
76
364029377 1345291840 1282130847 1745953187 376848090 847864788 752397689 634573958 813334202 1552023432 319992543 417497271 194367046 1835675851 2012971182 1330592495 1271477162 517752775 1555218165 1579398184 1554401189 1677166931 1083728876 1928363309 1852981870 743293311 1140026106 823012178 2003600675 1034101254 1468855153 220146404 231909446 603502352 1966099592 608757536 1451367140 571013633 1243331495 117217695 2123037065 1563324038 534714966 169920464 1251516242 400202501 1500512959 375509756 917955276 908247476 1954907941 324872817 437930760 891153169 105752478 143428982 1634446480 1245778585 966441160 1490563507 132396191 287812666 1710709912 364305637 891315018 1529325856 973063174 195198511 2100339489 68911021 312416206 2075892907 1632235059 847131172 98329723 736267653
74
1598842682 1111777410 17805302 359606510 919201703 342678119 797537270 1810354872 448430598 940966252 1297317705 1694209183 1907407413 640397564 1826605374 47736431 203623828 43427363 939051449 1732949684 1016490537 1134249960 1685805526 1085401558 1446666166 1614214785 570152970 146313691 1712544508 1306420623 1393647364 1163903542 270714385 1411452666 1523510052 1189916088 1754130786 173563675 852787313 55077736 1114529927 2621370 1749286919 874453692 643018934 1428408645 922190123 846642763 1471836008 1861241573 432108799 340842898 848007885 2117914325 1426244456 147190404 1584645462 1996397426 293504095 1149706322 1155334402 1687151459 166126216 1426048787 951120478 1689636269 468481228 557767616 1863199944 1321268541 612845352 830246223 1323889911 1598842682
17
1966908845 1643057268 479406391 666067960 967409628 193164316 1098176760 1308252526 1041172202 1068607437 587013335 1188362606 505769252 435927113 1481866701 1655475574 1591261515
13
1821601791 869826655 1972654990 1363754412 1338307883 382938958 1079470708 512092776 995784310 1909716931 1835982687 1210432933 1821601791
85
706006553 1946339591 173992197 1673416182 2139503907 1272168957 834185060 1033192461 193292746 1421198395 74071419 699061998 1857125509 1555938120 207053925 1300903376 429988985 2028655716 23246383 255160327 1244926480 1361554266 638099286 176913540 1873647042 1633883596 2086630471 1562146081 696832882 1406080023 1070070318 1402839435 1204935966 1244062515 928771969 1196956225 368747824 1762957030 82665039 562040570 1036671777 156736458 1261102569 746313638 1712674579 1468156494 2047217015 2142663564 1349328562 2070463398 250340243 446771394 1284534017 888439529 623684934 1010697411 374839478 562831757 425359845 1071672360 1968911780 1495430163 327028147 1026364098 592009030 1255800117 75836676 960756854 871273499 158501715 1522797424 1907945276 315238173 636416345 506775267 2027912752 2104572839 406508634 2023092668 1306417753 329488384 125949264 1753189147 1614022401 1014388793
34
477236165 1389228271 792222191 902596010 313416983 613650323 250542525 640445131 1640014422 842551555 1896245248 1715851098 1803308409 620035099 1874352813 1178622185 380496727 42107338 1815038531 887271994 2070020091 1772127722 1293780628 1945629111 931061828 1623269013 2071578375 536767327 1089807766 938483521 766157761 1567043931 180228144 477236165
94
8 7 18 19 9 13 19 19 14 18 4 12 5 3 3 12 6 17 0 9 17 5 17 5 4 18 6 15 2 10 1 2 17 19 1 19 13 0 18 19 10 15 11 8 18 6 0 16 16 12 5 13 10 2 18 14 12 16 1 7 6 2 9 16 2 3 15 7 15 5 18 6 0 10 6 10 8 18 6 4 10 4 18 12 18 8 6 11 5 0 10 3 2 19
60
1137939316 1120412862 1294860766 581336435 1141027198 273662804 1013052954 498058096 2026110884 387818896 1074889242 1111659067 622886464 1347209020 602232445 1112668289 1084486442 1220417929 35155179 1679459535 1465413508 400072567 1319706793 774900691 1688336352 1907334293 914272781 644275088 1371637108 1995084560 479214899 362092776 968013775 1774075666 943429212 2109040973 2047738470 1956482166 459615421 1926365706 196817414 1534504663 890541125 819703878 734230035 1492773571 1932372167 1818716477 565707852 1967527346 1350692364 2031121360 220116266 522915510 658538403 1908452618 282766155 1572811184 405244058 1137939316
98
884458958 2016496040 240942224 511050976 812441604 202499549 411305798 621440122 662114970 190187856 818257536 49135985 1080728982 1637961414 783366020 426018905 1422849934 454598849 991726757 1242893632 1805291214 875364470 1463009898 180723076 1533902873 1223978869 463489231 959230410 1629222927 2117892495 232158859 366198237 1986904887 473101083 877249213 651862843 675600632 1288555011 1273302965 1337715602 1478742868 2091560501 1386851587 411988202 1582038267 22733959 838007107 857404553 477332808 1829733864 2100298186 135140374 557614686 1415824436 315863450 2091517560 492319657 779352682 903264322 2121542585 749761529 1135423181 340257174 589182768 1608524264 1217506388 1241045611 136641248 358577751 366864928 1474356850 1837320619 310941781 713724789 101825173 1892980048 736458748 939832280 602900954 1213791556 622082497 555715492 1348931931 1179697183 1971539928 1664795381 1123731095 316375938 296664415 2026995417 290434875 1046425944 1014934950 630692049 1635608712 475975566 1848198437 729170675
15
59292541 1096035603 2086973664 1896613160 1406977384 653214805 1998438334 1152473785 1389673553 790786966 1755374739 455981462 1412869463 163606583 59292541
100
2135146511 1322225126 1568814094 304038801 1618889542 1448325864 594473676 517831838 315777166 1225165726 5956903 791752733 925880515 735127578 1404369547 985173056 1831163182 1343859564 734302569 1090656918 1997074369 585257255 95647055 1239264275 1376044221 1851021794 1695245737 641430037 2014628377 1352675482 1086513036 2002291241 527416960 507843482 158846394 2146306502 1956169346 753320071 516654693 124462865 1978485797 522611596 916215598 756882664 1257739174 173101497 1742055721 941418708 1516961061 328874642 2032075627 1366551783 914131897 2127722682 458332410 142692470 1831260829 6094499 784122507 1698405558 1358769981 1870635543 1553213151 1886186941 230995378 1712059546 1885009796 39681076 317895969 254180841 164143941 148898118 776792437 1080359539 905780782 2034531611 1253461037 500352855 828466672 622938450 829227497 713058651 1989490233 1743359394 693297685 300338995 1886051865 377074866 306433494 522690724 2075480425 1665203475 245842620 1481209928 1403906769 476837998 1045785826 1141432917 516519074 1363681795
59
680663016 1512579913 24922547 1761022555 270877048 2059454158 866999944 771229903 740437182 1489938395 1600457401 1453495833 1331944980 1196333147 2146793519 1632283976 934901364 376384737 1938717470 1457592089 304381514 1456437298 1703434709 1785591443 712860419 32789059 683893621 1854293336 549308133 2047575417 1102423446 1229971149 1412671682 1127345993 843510057 1683548730 1039316503 1710510001 307294986 1779753686 1052964748 1907752387 1085765871 237426081 956601886 1085075742 1869710057 1891503251 1461460480 1660943879 1201611692 1765841994 969897529 757562753 1403949789 1682757948 790351812 2087843411 680663016
46
0 14 7 14 7 4 17 3 17 3 9 6 2 12 7 8 7 16 11 7 7 15 13 9 8 15 17 12 18 6 18 10 0 5 4 0 1 13 3 18 16 4 16 18 8 15
80
84089795 1120171023 1060233842 1564864562 327448703 1671735398 516514028 504623912 893316058 872113283 217073421 905248531 1168072301 1319090567 109357301 1304482851 618131500 1883097166 546532967 1389025860 627527239 577771381 376122855 200641169 1705493077 1506659819 1655403706 1542483148 1571435327 934273633 1045343479 1655525123 2054444657 2105577321 1072906037 234409712 1629829071 1589420065 739033624 375661482 314049700 956107045 1280910013 1482122001 127713965 1390267314 639121204 745845465 1125880832 1185654172 2134871325 1753408071 1763425553 363510532 1954049240 1321434982 1870170351 1461969298 716434482 1294122030 248759284 1761777961 802163505 155720293 1719871635 1875069543 390130005 1202217058 1317005960 1129163629 1577878540 1631055661 2085270674 711304905 965694014 65500991 2101572219 1604815219 811346456 84089795
44
798734133 685893826 258927648 1162244665 492459419 1580362630 884931368 1954428717 149313465 31569751 55704353 1911091426 833733256 211424646 1483479413 561319151 601554651 538212824 1878325112 1730718280 2116091364 1361897125 1668505307 679912622 180107491 1734006298 634001193 1784922710 397869107 1713970597 280424805 1196603240 252380775 539352453 211364258 744840194 2119715084 1096295626 551785264 121544901 1127865377 607489617 2032636327 1961598634
65
1368632093 375434137 1420468915 1906844917 106275601 1003703548 1875452633 1468172726 524725207 407881607 1648280218 111247857 1041882801 1285719280 509116964 608369750 1566144086 1705720205 860750525 2105496539 1917084463 1605590720 2077727975 865896441 9892336 51789228 1993761819 617381953 2084425556 1807876805 1436296217 1305574001 35827294 709281485 1064935270 142102896 1712985033 792904255 1610275622 90226592 1200785863 1111072192 201474449 95185016 249307825 710591414 703554766 1815451911 268827971 1564305291 1773464802 38428786 1022412363 1703709130 904325227 1032304699 1755498358 750603398 1649686653 1692440266 410996555 938499222 850530619 446823850 1368632093
90
588926746 1213282092 560886497 51718720 1303508684 1761672360 1162790913 1504983134 1856857376 1412098738 68090900 412928494 1080067001 336918871 1977233785 706048155 375347657 852162501 262273637 1279672884 1884467200 2017771996 2030276283 1386670205 1562728614 293789190 177685780 265775586 740613040 1825466487 33757827 1329539786 891264932 594644324 1381258507 47289968 208833036 396565772 1552273102 2065690412 1808664510 1620364002 331135258 741247863 1957282873 160885396 1447296018 185146882 1013047897 1709569656 1464819767 750031449 1579858004 1347612402 2136701655 995102970 1641401592 166903787 1260878556 234530985 1992370274 1294636384 1564070771 736151558 1889280708 797845630 783441527 2098113745 1194411402 188230981 2016320509 855592264 1808594984 199972120 1596840127 1618394209 360857516 896652498 1803541092 1373905413 458738506 1120877211 2123936862 2038596510 321005965 2113154869 886215832 1962407557 132575008 2147094389
95
2124945283 1294247125 1613525666 713613193 1036044185 263887648 1497054720 986674282 1458299051 1685285702 855511144 166407667 1346397038 1055483264 1763247795 817307599 1416340780 512416645 473365043 642762545 971155151 1594242254 619215759 862268013 1915248219 584886981 1748483845 1730172129 717461989 1748094586 1779627023 694923624 894858063 1245669041 1408536818 1930902249 1509556690 758107890 770092883 820372093 295909944 1625604027 986779760 1642306982 533603643 602543907 312130934 1949944423 1114960552 785495977 445223320 2086115703 232254584 1064439080 800900068 19155 1649326061 401900266 1730191284 219304402 2511204 1362334660 914228027 897369268 460520053 175281197 680787869 1970076743 933389087 1450880752 642965188 1229299032 929001132 1629744949 724122366 1462604775 84805208 1036253300 1265065551 1199765761 1821749278 1710288871 1138397816 2054003862 627244303 1939297885 2054023017 129086716 193714503 1636730654 348391119 196225707 851581666 1262619146 2124945283
20
1437900343 1774382844 1134694815 223805782 1077779949 1777660003 1453104814 2006781081 1259921304 29743533 1321902208 1344726513 1065996833 439484111 397008626 740262463 2289335 1535406442 646782677 629533638
80
553322047 758620355 1520935182 42569053 1107011474 1717160890 894150719 222146972 663272217 58768790 1660047315 290171414 1193463605 1883853097 1367951363 823639961 1189474264 1227248796 2083561265 1219217797 401667356 1280804130 137730982 841151468 1677812756 877993446 843440803 1065735551 1524776123 1472974441 245472582 2078098170 84111148 1766407765 2120667223 1191122622 1336085007 867334294 1413269594 1999357224 926103085 925833261 142044990 2119566690 662202711 1509996353 795723003 1851676975 589761501 731800621 923411124 991428858 2012604751 1061142106 1832580326 1542933860 1939135552 528537481 461185763 1316428028 2001511922 706658345 1247042550 2085623071 325582462 1220226126 1129262045 1661667469 2087560420 395047992 1513541046 866179857 1320881253 1655586036 838262900 1983083964 1018098742 1633985903 1687277291 553322047
77
463204767 451805453 83423980 1524346874 136902131 1626357840 1315998778 665439612 2087543603 484943158 519467887 646718300 1731985709 457607310 972300763 804728187 1586869355 486484584 744804959 1981917347 2000025630 1610984817 1155314953 1508128019 301764069 990915269 378743113 1935749972 530708913 1986603356 6569201 993913680 290925162 89993181 370776906 427827293 1716351021 1686775685 1093266906 1656410976 24235195 1612734793 155645628 1756220904 2070342103 1127946391 413465443 1509727810 1614430976 1158270403 1344161510 1466972958 621771572 351992815 827617329 923535641 1342908084 1206360442 711801965 1873616997 1045480151 718371166 720047030 1336405313 808364347 1090823936 1764232606 377231720 630115973 710015864 2033642696 654351169 175267009 41804677 263088425 98125464 1169751068
70
1607853275 636698396 1834824272 804531137 2103671355 309112196 1156523952 783805036 1232647837 351948388 1990165479 1944449802 78081738 888161982 515337321 798128768 77083647 1323701668 1888952704 1841316253 1700933389 371585030 403848470 1587092437 1025936199 579115479 1628897114 1289024624 677240944 651164535 1965578493 137610571 1287862931 1652919117 942141708 1244050638 1962031313 2098665660 2027855675 1047195502 303130400 1870537506 844161657 381212138 611215840 1359498978 1179340906 688299487 535716998 920809963 382132092 89166739 1292394993 785980562 1676259177 170847544 1365096042 1157672643 1459872168 2042336986 1808837178 1277967014 32463909 949216462 783402483 974605617 45783452 597950149 925787629 1607853275
52
1228918029 1796692985 341823660 1610130168 260425177 1701322638 641987426 948724664 89555989 1562797389 1330856757 178722728 707708734 2116837319 1854981905 878556278 1334449713 865170901 190944799 1229303051 526524431 1468911813 1261766960 1475740893 104830648 88888929 1521524346 702780797 1014676558 1447679825 200442801 96110940 1096889163 542266461 1706241108 1357314340 96105452 200744886 158555357 185661441 1763542276 1489412114 364384169 323767362 1458765785 71882427 1202323641 645731851 937053328 1393268440 1875034902 1463577759
6
989318215 791835005 819527253 1078207144 165875703 989318215
4
1613555528 1722750852 41510995 562961043
66
1747752103 1920275384 213639117 1948496989 2078830741 399300558 1564555617 1420759207 763684728 1888322980 732041344 835567155 943162973 1377773195 1772620483 188947765 1105324450 1088714594 903644370 2094642665 1880549599 1723171623 1025366161 2046425302 1097996026 970766216 1512497183 673263230 1012277211 2075458226 790796896 612545666 1848249962 1004436013 413559008 1779597055 1403736572 1978114625 1052872614 19937652 1718953957 1784913959 855504807 514633282 1015203506 480641642 703581047 2120527956 1569356236 1607225417 2067686973 1302422188 1182913393 945569487 1201363842 133425771 1916335703 566377377 806689002 781129267 494351956 1597485898 1393674933 195118270 454438263 1747752103
27
1858174835 1637864919 880104292 1878112487 1209335228 517534603 586133646 1723968511 1532738110 1066775288 280065910 1505782418 488647877 1887291328 1425985744 1791070065 922721073 224071583 844950259 1056146844 2140407286 1411327637 1862835846 774052905 1905679593 1312838096 20244191
64
1767276360 1827478132 1928029541 1477967547 1317859403 660650186 1208596387 379710984 1178184789 1794730033 2103679495 563439251 714021674 236261757 2069221670 1202669551 2123553085 1347723766 846255968 898790510 1571795349 1691206227 1954937355 1564718987 955050216 1670289553 191288245 713246161 835644002 211532436 666560377 455436714 2039010568 447106270 1933404261 1209386324 1107756456 994517000 1589097308 138457598 641763386 1545293155 701896849 1355785060 1781554912 623634871 410970963 1757624350 1971358637 1257226931 508931212 1395670338 800949510 316384919 812905678 1755999727 1986674473 1004193923 321762240 674834827 1215726359 988322617 1130271541 1767276360
89
916192154 169155955 395701696 1910709155 1758253263 534159294 404988893 1156062770 1236056144 1760773953 790134035 1859691015 24261268 400274737 1683566005 1281488199 909205949 931752695 2082437709 1225590869 1744658373 1690953788 1064781694 601368648 2012716029 1739616521 1817095007 853554998 722404414 776864639 141500238 1638596568 946020594 537201935 1401822075 556790210 1071361229 1806810968 1712852980 159933725 1420101273 355503367 2019624741 1444362541 755778104 1555707098 578367092 1664984054 339976145 513321154 743091275 2084634519 56791294 1807872969 538519519 2069507323 1400005842 208130879 775578674 2122410256 984995518 917078912 1613523176 1931016112 1454280847 867861604 340322674 378158429 527188924 2053175655 538092154 1947290198 261195374 410233247 1244169091 1016973479 1965940345 1822536184 534473885 158432843 188373690 1277565160 95583714 245164984 937954481 634103233 167188660 190476675 842234112
35
165403283 1827229630 1859846246 1778926459 1610762095 1166643446 499304415 1951084769 1544801875 1026493340 1856776776 2082894029 826299890 2117972151 345643629 2070468981 987461982 164100326 1745521517 1521935867 322533169 1933895207 652017379 418116883 31576544 1589971860 1052220117 198765204 1780448535 1894454229 1141532538 1945851818 1574200212 853895136 165403283
60
2020538582 2076599045 841079780 1417856809 955608737 550372909 1353267191 1781908627 520861412 1698910820 1704893960 1508323394 1863011146 1302931830 882775613 38060668 1089343389 1534792992 456177551 1120919933 977281204 1508397668 1319685137 610246091 1255368250 313734027 408614261 682084814 1167629164 1985908890 1719563473 1040684098 1915024287 413159605 311057260 723149376 963532514 1664324451 357574355 1484393926 1215751623 2062468316 845233672 931279121 1217916498 1728009285 969339789 159776239 1115318629 1425517341 1280696173 2092599833 786431361 452897662 555362276 2041799611 766631690 963976537 576400777 1934260854
81
148480602 827461304 569942419 561640208 1138518564 1293091796 1525172722 655359367 1650666151 862083001 1871110990 1565650819 1707316673 654906464 636083669 1287842311 1624246253 795859909 255677292 902279946 2076556082 200793478 1688711308 381970096 756155754 1583027271 1148601786 1720132292 11944401 935378992 375050424 160425003 1762840297 944992843 722065211 753875213 90600991 99754286 1409234581 1741267143 961837287 1132861923 1159434314 521670312 1787768387 1795517984 1809512623 1264530993 443894245 2065189916 19327291 372966679 118499746 1708038599 754936775 874655500 1143582223 1903538562 447304144 1155526624 691433906 822354568 1315951627 306790555 1767347412 2038016839 1060665769 1857948403 2137771125 322416702 1451731898 952124764 1455278625 463682565 1473795076 1095563365 111716901 1135824052 212610710 555611146 148480602
2
5 6
67
16 14 3 0 1 11 19 8 15 10 17 11 7 19 9 11 17 6 0 2 7 4 4 13 4 5 18 2 18 11 0 14 17 3 6 10 15 18 19 2 8 8 13 8 8 15 11 17 1 11 11 9 15 15 14 11 0 13 13 19 16 6 5 13 9 12 16
97
1447324990 1574994075 1138376839 609532930 1743459283 31635484 912631318 1437833643 875815179 1161261270 2113395780 1987114841 681734213 570741763 1329767722 609874201 1317449598 1606868616 1999211552 290489991 1599511701 1726809038 1577323190 843727929 1839352224 1819057075 779086815 535863525 959809799 1389108131 1132687222 259651141 816618558 123580413 869184072 412594193 155215897 1781815390 1850427837 1031031077 795593012 1816339969 870662270 1477327226 239598085 52946344 2087201427 1557047683 1659814960 1938929331 1847537674 1111843014 1518254721 1277377216 1955570943 1210123297 948950644 587174110 1745986823 1908760443 1976282241 731190397 20927937 645417151 854770810 890112009 1058011345 1009986707 524443751 760955534 2041017784 1320036764 429811855 764196406 649880342 669409940 817142750 589598121 78973976 329474063 381043804 1926511650 1441317077 1899298526 1056405219 1249404372 961938175 2005355863 1836578483 560441350 1766632658 1665377076 1291631747 1787560595 163310580 2146402557 1447324990
26
17 8 19 13 4 6 0 6 7 2 7 3 5 11 5 2 9 4 7 17 19 2 7 10 10 7
78
579305970 117485856 1495709934 1800627895 1126391473 402858994 1635421706 2028831227 630044818 1900027373 1547983739 1507110984 686559332 1884279001 826291623 1699548915 402564679 526516066 344082852 362167433 2126039036 45022009 1571174560 392532885 1751317028 321792874 1366951732 929277410 737788265 1485518679 1894798388 1317094235 1603004536 1243024674 970238483 581912361 1645883668 458176541 463259940 128444838 210720266 2011243679 1635555822 897279598 1748039033 314363797 449344865 3120064 840879863 793427718 365287497 819435251 838449727 1936462058 1211968136 442283107 110771284 431436221 1371560518 848559549 1916954900 1118875258 18170137 1372475788 214416284 988408620 1954388150 1860299952 1446585161 270164442 1988744790 1657305428 133924474 1476816964 407101378 1881963507 1791180761 579305970
72
16 2 0 8 1 18 16 8 15 17 18 4 10 16 1 18 0 1 0 4 15 3 6 15 9 2 13 16 3 17 19 12 11 19 0 12 10 16 13 5 6 11 1 16 8 3 6 0 16 19 5 11 14 3 18 3 6 12 11 1 1 10 13 5 1 5 9 3 14 2 0 0
75
737410002 141567328 569856214 1932833365 1182502494 1305255614 691064853 1824738493 946479231 606173277 190956119 1482271855 1187980415 710047142 94483153 696103999 969007773 721777534 2134473921 705437935 1701248328 710513198 22225049 41940465 1060029167 958718592 407317959 1818661330 1370072033 1449830099 846126056 2107482035 1591397427 1415982270 1892831752 626416274 573754236 436412957 303671119 1520233468 1042586234 494627239 855021675 83083002 1204674381 949504828 779187001 26198507 1671282362 766177274 731636442 1225047042 1476690472 753861491 1266987508 389235992 1712580084 1674305467 60413674 935168469 976651919 906539730 895166856 420565698 175038352 640514960 1046981972 748792588 1076927917 1350653092 121542408 2119514152 1845280331 976564083 737410002
65
11 7 11 6 2 14 0 6 17 8 18 1 8 12 2 19 14 18 17 6 10 10 15 8 14 3 12 17 19 18 1 10 5 5 8 19 19 9 18 16 9 16 10 9 1 4 8 15 15 6 2 5 8 9 13 2 12 17 19 11 15 12 14 13 17
15
1143574564 1313214368 2096621063 1472289022 1295299997 1364800345 972440431 1109165919 1954219974 1851926112 1689980603 546564575 722318499 1785427258 1143574564
42
2036020844 491158701 152181982 1371205629 2093559643 1581988075 1910495767 2067399354 877154658 1561521114 1315148898 2111234292 1158582179 765477848 291643659 154673096 2078692216 240781074 1626962118 1226508565 1605581419 451918901 188190836 1412317746 156361365 1878171440 1958882321 878679865 1516115050 1668765814 784819458 1404652246 12440867 937001441 628374228 2106000510 371505868 391386347 2025916216 1248660526 1952907461 1193581466
72
964005993 1959059314 1504054830 1118679089 1890267883 1744835904 598157559 969292800 1202933676 1050076461 1157483637 467767774 1206437826 888171429 279166447 2085117691 256802831 1947932261 722453502 1661455078 1960373128 1659454943 142345658 1918889990 2030960811 533732005 1797322558 1132137689 339155818 843420376 197065212 1303161811 654996043 1701120042 274357252 397780278 1298472299 872514812 1367073078 353922327 1922591273 377073067 821690101 981545451 1265244496 1100856548 919179495 1522047328 901305161 1641632997 1036018758 714194641 1153604292 1178364416 485600983 1037081455 1712096421 135439893 21735496 2051252239 978860269 218800709 1206930403 1633856312 1919920751 1481287655 2031636590 1070909402 206318819 1251226021 1424831729 964005993
89
2 16 17 10 11 17 11 0 15 4 4 3 7 19 4 0 15 15 2 4 10 14 8 18 17 2 17 10 12 2 10 14 18 7 17 1 4 0 13 11 5 17 14 4 16 10 5 3 6 7 0 8 13 0 6 2 2 4 12 6 6 3 1 16 2 10 17 7 10 10 18 7 19 5 12 7 15 9 10 1 8 2 2 13 2 8 16 5 4
21
1780282691 1774190270 1273139755 1705790464 367696098 2126260378 415997486 43225747 1921476357 12103649 29596309 1815430067 1162019836 709229168 1995644652 724290620 1354143515 66772380 2135351409 1258094038 1780282691
90
2081119780 449733935 1881594603 960729595 1673557944 1461815691 400309032 1906631168 703306563 33108075 1533337791 1976446319 1738898540 1901033889 1955223049 7412378 1944259637 1729215758 19516027 1973855946 1397162177 1181535864 535601467 1245323182 1905826484 1889744982 1312095562 1893694246 1000355372 1291780615 966773887 933991505 1741514551 700884842 1894721100 1267588847 15216885 147546484 1026736367 718523449 180654559 412590510 547486120 1919553099 166140752 355225521 1926965478 2110400389 2084441279 1946481505 1936772687 1334119808 980533721 324890506 431959342 738876558 67151841 1744054904 485087156 1067507213 888351872 1451861043 2001498718 482382775 5262238 1748736170 1749971622 20479123 1896282654 629224341 739002572 2076937214 1041814852 1286488692 1849006665 1207955604 1641714213 1628488495 1170872345 1578671844 1427486353 960161384 765308005 260536426 1285051891 1197267347 999412984 1352203732 793838604 1484500140
98
1682190476 788877536 126242368 17089603 794139774 1874978538 1767061225 814618897 1623777545 248801918 1553621470 1553231111 1290616770 692626514 1254754128 351088726 186857080 735758976 1521961071 1765528924 15761681 334638808 383353281 276298107 1619690699 1580620629 1275711092 824410783 226975585 612727584 1096638080 1909166061 1401605120 1222880448 1926255664 48261246 950375339 1545833241 862880144 426669236 1794635159 269017966 1979900347 937768282 961644480 1087170827 1288857008 1148501560 1822929803 663334432 766546837 1838691484 997973240 1149900118 2114989592 470180291 583037099 1243217036 1294591074 810012684 1855944620 243745506 571695097 1110066093 1466625955 350467113 1158327339 269517646 1896300354 2021207483 696186882 1543451866 142741801 528603581 333736500 1104386282 1615774408 1622593508 105404194 1291220564 138444292 871951031 982428400 1136417532 2021851150 949934344 1606597823 457404601 45667732 753705249 1267417286 1901612353 997450756 1839112383 864194798 316593063 42095849 1682190476
10
1938396203 1896245973 1282297591 1334364421 2038987774 1810901172 1668100921 995890408 1279191932 1143210782
4
422928848 1281655074 1973245634 422928848
60
1847613136 207807945 1877186782 157534090 253475678 483408384 1424951376 7604383 1480859140 1116580111 871799181 1797452203 1158675960 746837670 236079264 949588516 495599995 1518376855 136469289 387104122 1181794379 1804570211 1382994530 313502663 800297345 336805485 736431512 2081952419 162567472 2141788761 205057730 2010180608 202113058 2082244513 20231050 455588736 418169249 1445182426 463193119 1899028389 414278890 1334992300 1548996944 1572954850 2081829971 1785076208 375059718 429946318 1155969415 511529008 817050440 190280146 168615571 52561323 503782809 968912916 389366808 1240214321 903381687 551934280
35
1108439418 414631241 1436632493 1043200283 434862291 1892221229 1461369532 1880044718 207930701 1212914273 146839960 1542923001 614427569 1719794810 1477269324 252020129 2094854529 1907215643 1407989544 458899889 576782435 1598269690 627515460 629343758 2102052499 1596428376 1018710567 1194783173 352326415 1570644847 281818959 1460765833 1985276088 1718451452 1108439418
33
14 0 2 15 5 2 8 14 12 5 3 13 0 19 14 15 1 14 14 13 2 13 6 18 0 5 11 1 10 12 13 16 12
96
302502523 782839930 2071793457 1369061611 133066476 1796160381 1765406376 1882796800 1467898187 1921483136 745549371 1598535881 506858684 1206571633 209205388 1869061638 1622162746 416303270 2102491511 1085053384 975727568 1759082583 829762981 848434052 1253466096 145440383 1077623004 1020504341 924306819 977180308 792758388 1226809342 1760020238 717068197 448387306 1893086715 365744931 66310034 1628399867 1833643118 1987793171 226465590 1284695351 347168207 1433037223 1493900739 68746197 907716321 1910204010 23754060 1992769705 738447930 1782836643 675049039 1586881982 888819092 820489422 517021338 1909323433 1744796242 1494201647 554598174 824121936 1106738237 1271666371 1272509242 852341304 1637411302 1338819277 333257523 1323570772 1179128800 559723114 460782476 1526297007 1992760337 1954683215 1595043204 752993011 1717403577 1618797264 598279068 308367860 1254150259 1273328107 1895249842 2142969351 2093817530 264787533 1904809137 1691130124 1758989180 311923663 367768412 718243769 302502523
56
14 9 4 17 13 4 3 9 3 13 17 19 4 6 15 12 6 14 12 1 18 14 14 7 10 6 10 2 15 16 17 1 5 13 19 11 9 14 0 12 7 17 3 11 4 18 16 10 5 8 11 3 2 17 2 12
24
692401504 375058346 1113111699 1755821620 364076416 1274390800 1745275778 1184707769 1192028851 1984334749 1868597559 1425748966 786297361 1794559143 1820827833 105846831 410152079 982774817 1660386735 1481657277 1657352633 1463317637 1968257702 692401504
82
1865439057 573300727 1764889498 930526831 452135011 2139823522 1622928335 827193357 1105451573 1231266308 1191269773 232358725 829058438 228493895 1424387577 665909539 2097091454 702652895 1452206900 1744166949 375997080 1558053731 6835380 1358771897 1070956818 1488492658 868640882 386790808 1309266712 1691562975 1796680189 1027222122 117380054 1414086039 1957748953 569515065 1406425913 1433193641 1396708423 364393838 516976301 440494548 596752564 1346034739 668988443 2021140141 2011944278 618596249 576309388 1316667530 215279551 952306468 727237614 222114931 163594718 1798194432 1710607589 1032235600 37501592 872390654 576314928 1834181781 1899612776 693694982 1100784173 1709878081 1263210048 359726438 995588074 512434823 724120277 1512564375 952929371 1320872841 711115466 1621917815 1194529334 575576096 93030416 1770838722 1892243627 308309967
43
471997593 530424899 739256260 122708377 93548840 1771491861 160209970 965939494 200323141 1994391751 718068622 894018123 947692276 280463056 9744523 1307418715 1276051130 522179346 2031538992 641131858 1475108718 1204928185 1352247324 949542885 251973871 1927823421 1042573301 2022812593 1672583400 1350883269 450990487 2144580993 1881308168 1190246748 119805722 1974857008 814254961 280015692 793312855 1014578102 126923796 1511381477 471997593
73
1791844533 1918340749 234551139 920412016 293036447 118606483 1561543874 1768145165 1323534668 766307550 570204402 1575508539 546647323 1612777704 1450837484 71747075 816177325 1901827972 68844420 550001845 944591072 188650143 377375205 1758846033 468665835 1170688060 625940487 595589631 534585890 387053064 1670205704 178946775 157910165 1904756843 1099358791 450946613 2023363327 513419017 71608130 1199414347 1279726568 641812533 627439239 1826373891 107106589 2078276723 1898120967 923283914 1832621047 1966965387 1473285759 629728471 8131882 1850660964 241090856 476797718 873865377 867031343 1072387349 1408451267 1254084408 595109405 1587398042 1411994573 352382601 539273186 1862941186 228262280 1052692203 1934549317 1427676627 184935123 428878202
67
2011309015 535984791 1985908942 1761946334 1459268705 1671046341 1581428073 785070816 153291165 1589559956 488248132 394382021 2066357674 1362113509 1261413365 991261375 623081128 368014125 1586370781 62995523 1780008698 1938753382 602268709 1495466237 19532014 1654960912 1282531906 1447208641 1839896036 1711410108 1354840860 1703721403 99911251 1193266154 1318184089 1559179956 716828847 752128514 196767124 870120012 194204822 685015256 1264502034 113078848 2047128766 378431751 1104340224 522726246 746445876 543227357 585721769 378970926 334497091 1187990478 1874437163 354029105 695467743 1009485421 1801237746 387880131 573411881 1008594958 2091601534 673323132 54377464 1262301975 2011309015
13
9 4 4 4 1 10 12 19 1 16 5 17 13
56
114709616 8811536 1015401785 1989146779 362840641 1710869528 851148553 16594740 2098749659 1424560434 1025189698 2042867545 2097883567 1079567163 1157685872 35419359 1850773475 1024632714 317205924 1344616151 1085784378 1284007745 2102960862 1260014890 2971036 1092253675 391101979 1392144221 827992365 65416424 1219555528 942701981 74227961 87473666 784365112 437068602 1798343194 1635513665 453663342 1749609206 912590452 1478853041 1644993103 862990371 410936556 655195328 898409730 114226383 1679828042 1215615654 1458842534 618128772 352139751 1414319748 1878143662 114709616
77
121761993 1747255009 1187082141 187178418 819326889 2129784122 261406379 906800555 766665586 698474981 557660102 254695604 1152138324 159785660 1167286056 483507717 1804778763 2030276427 894444273 312490443 781202509 1008670656 1992318485 1996818164 320029542 462963609 201474267 1734349291 193623624 556585055 2093439067 315385617 156356416 1133037560 502564035 975683305 1115338034 763970414 1882483861 1882003620 1462445396 292660315 2136699224 467100072 452445975 1156501632 950607789 109741090 1039294411 1845052062 422231534 1820496921 706239070 267066371 1669831437 1026268612 730029981 1871305704 613134255 923653605 280407111 559089674 1239039222 436763527 1692127234 1741603258 1412446833 659981620 358090024 1147447046 394501593 1820535420 1440107361 383717169 140151844 1892553336 1540218802
34
2002294426 432029565 788328047 277042312 105042838 1494567117 544108684 1774874275 373352082 1274138665 1498696332 986486337 50308622 1779103443 1545576012 1289347844 68383323 1090219598 883467454 1480830156 1750201219 1241557479 480793554 2144702812 914609251 1920900915 380936333 1054761096 1665970603 1921155135 2145520729 1520781381 205701053 2002294426
95
310743891 133448598 194448730 2085618167 506800680 1468587395 1436830851 1493287018 1518896017 1068450646 891379382 660760213 1136833969 1981598980 1544227668 470180477 1584316551 638301499 950974031 1581535715 1552910750 724391298 1962472049 460188198 242878253 1736143536 458225280 1763659635 1941844589 1244590409 1413999681 105104833 1378039007 1608448411 43239352 1884839688 929552158 1480070203 1230643058 300964527 401037201 2122022440 961724740 1537871171 1956137772 358468760 2008051648 1392970676 996770259 811542032 827022743 402197362 1535933330 642011144 862385560 1778811584 230671033 1320610840 1394987571 25031974 417717601 661503604 130136807 1795756609 122468367 173376159 1533112649 1052020525 1653446362 616272059 1352985052 2054483564 590810851 167226144 1444871087 399464975 525694905 1305439087 1792435651 1522465164 2116981119 471974747 1924662526 1505430802 1113985891 639564439 1136758738 1344656924 1960175279 384262661 1369688899 230409233 1045766265 1499825706 2026165842
33
1673201866 1411794843 72771509 1179164580 2028066902 1425756561 1086164496 471394105 1592982705 383551935 870859080 2118677610 1688991023 515811084 1493659127 1658488494 987785831 1270838005 1016435648 2101771722 1910402444 5710738 1298944999 1723094076 389973399 521150250 1953503309 1435739664 2020975956 1832185503 456490648 1546694174 1673201866
58
7 12 18 3 17 16 19 9 18 14 13 17 0 4 3 9 19 19 7 10 7 19 0 8 3 8 3 4 15 1 1 2 5 12 17 14 8 8 4 18 14 17 16 15 14 11 16 13 2 15 15 2 14 15 10 10 15 6
35
1601728590 2132828707 1826600255 607668964 729414025 125900399 1278148942 774473399 1973201967 1849236810 991382263 897247978 1862439945 1895951701 539181206 828763192 181000247 22356009 1912125848 95783272 1257174831 823271355 791762127 1671764453 99656762 642603414 1072144536 1177021732 1669283089 1290500582 216889618 1123528032 1275845641 2043489873 1601728590
67
5 10 18 12 13 1 2 10 14 8 2 1 17 2 13 1 17 12 14 19 6 2 3 8 16 1 0 18 7 8 16 12 19 14 16 4 8 19 14 14 19 16 8 17 10 1 10 19 14 16 19 12 19 14 0 15 16 12 5 15 1 2 7 12 8 15 16
89
1574395154 709973982 1591054083 115225666 391197090 1618849211 2109949963 944397340 1148043944 225808285 1045362439 970400410 429532381 793749150 1728522023 1645783140 1366579205 796724575 870093848 833258573 1446019748 1525793793 1237277128 1112637241 1323175347 453057847 658439345 894487928 475709322 647041513 1863363216 2050104477 1357015495 1306933651 17846495 1748212585 778299214 2127796458 545126277 1926343159 206121095 1590488716 749259921 635653476 236754219 330298296 133952969 1603333424 1127022872 1004046817 289108349 425558972 382356962 1526385477 1538196213 1705532310 1979443324 49151910 452536590 307668998 696193423 168416158 210289827 2053208918 1475349810 228136322 1653937855 106165376 208449132 51580484 2032508535 414570227 1642069200 634284809 1050223704 1878823419 964583105 1184176673 1334673195 2091605977 40739842 1623781544 369681301 423096804 1002683373 1907877514 2128629114 834643049 1574395154
57
8 19 15 15 9 5 18 4 13 10 8 9 10 1 10 14 12 15 19 0 5 1 16 6 5 10 13 12 19 9 8 19 9 3 7 10 0 5 7 14 7 7 15 17 8 5 3 13 12 2 13 9 3 9 8 9 11
82
1803719541 2109707091 1292686162 678090701 800773842 1054707543 154560077 844442469 1228193394 1708477477 321365646 1319597921 1151040983 1587476154 1380501608 514759130 762376923 905490009 433916727 1043775307 1773386542 1873096880 1468364329 1023897107 481454621 2076883833 280803248 923638549 1144946974 546788340 812558882 801182867 509011783 2105245045 1479273568 1309785625 1012468940 1633833645 6744447 93178686 1194827475 328110093 1412776607 198384810 1915586247 645794568 713143941 530479523 1551284577 1147060668 1574254830 1177187471 872673900 895135511 53600930 1354128522 824535696 334404178 130283423 1969482670 881192518 942842306 623181889 1390204301 900603703 2102455458 552506279 1913072643 1588805455 559250726 2006251330 636149282 887360819 1271544289 834534093 655463419 1917338857 1547678034 1185942942 1321139786 547255054 1803719541
10
15 15 19 9 4 18 12 6 16 18
97
862761890 452819613 585054406 1415268169 218408609 26376213 1974518895 77176291 662525496 714396066 1348720580 1497059589 1369859485 1118575790 897253975 408318779 292231928 1444509029 1021032903 643075538 716954336 381398891 1047520077 1343528165 566300575 1786368795 2100385418 573201281 1258926384 1652601328 1203283877 2121688274 2105420942 1788338283 1389472795 176345903 1814714497 1216508042 253522194 329756345 1930904108 1602242774 1826815934 1153279946 573334916 576586261 1561598725 865566845 2021095290 435147981 1508642383 590565979 816546872 408678812 1934094144 1382847447 47563960 1886995914 1956048728 1306490344 1392113595 1011848958 1280694970 1350050889 652703593 522684117 1526396792 319934442 1739192159 1779918986 649690787 1522612619 1234678112 329023073 528408917 1808013029 905609334 2090007643 526096226 779220977 377671976 2034738609 1369786956 1194218848 295933773 1156397452 429582647 343497733 895909719 238147727 1649988077 140539666 1249996685 783199399 1490590555 1902700279 862761890
100
13 7 17 1 19 9 14 16 10 9 11 16 18 7 17 14 7 11 18 14 16 17 2 14 3 7 5 10 18 2 1 12 1 18 5 0 0 19 17 10 0 0 19 18 8 8 4 15 11 15 2 8 4 4 14 0 3 19 10 14 13 12 18 15 2 3 7 2 14 16 13 15 17 4 5 5 12 2 12 16 17 14 4 1 10 10 1 14 1 4 8 15 8 6 2 10 1 1 13 15
59
589833818 238857842 1454555115 1510728862 1584733288 1440273892 1282621206 399737562 882058476 2011942342 1948750319 377552603 1853654198 1655142692 762547733 612706780 1525276426 1975348367 1024733142 761136522 1561991987 688798909 1581695330 1438634445 249045383 265413292 2098789806 622334864 1269818945 794869774 1379175922 1859652763 1033727616 686247389 1222897977 470977256 2126521281 358035536 870714818 861096110 222494230 671981489 1238648713 2076148429 179640534 2001196446 541371561 1704916960 1829061166 1566104703 318569834 1243569505 107419964 1900265164 534720303 356465347 18194808 486026461 589833818
55
15 6 9 4 16 19 0 9 15 19 19 5 0 4 6 14 3 8 14 1 3 0 6 8 4 9 15 13 3 7 19 18 6 0 2 2 19 15 11 14 14 3 0 14 19 6 1 2 6 15 3 10 16 2 18
13
591571623 787666125 1735048137 1071733246 627652365 735528368 685307457 678131091 736191469 466021871 1625349693 812451768 591571623
57
3 12 11 15 19 11 1 0 13 0 7 9 10 15 11 0 8 14 17 17 13 2 18 10 13 7 1 18 15 0 7 10 12 18 5 11 9 19 11 15 19 11 4 1 6 7 13 6 1 10 4 6 5 14 16 10 1
91
1191494609 687815108 1304482770 1495677976 1649797179 247926754 218142286 805176756 1817399266 1746795956 2052249235 1744414289 413880643 1825538726 1973340720 1652385247 1399320999 242553959 1764778934 552592504 574635665 1342633327 73019367 409666681 1457681674 588253952 483175375 647747782 628943702 1531353216 1526337172 1820438311 71684677 683336294 1168632639 1721481856 931263049 1386774926 379174964 601178667 986087234 283940552 198109308 1399967877 2109479278 23966381 904869476 1361316630 266520340 522164762 1913909134 841156005 1864798089 1986928501 1250822687 1174996115 427698805 1733998062 1822743898 1056642508 1117867631 1201597422 729597171 1189552308 1884933717 1898229811 763550516 668713118 1137521089 1142725480 1269891785 2123608323 1426666032 1468001093 1376092552 1388661663 1491967474 133478380 602494645 1758487814 655643142 368920131 452160172 372957583 208364985 1702982859 1547953699 636063790 1289497273 1223213949 1191494609
57
3 2 4 12 5 12 10 14 13 15 9 17 1 13 0 7 13 17 14 15 9 6 18 14 17 9 4 10 10 15 7 14 17 3 6 2 16 17 8 1 4 17 18 5 10 11 5 15 8 19 10 17 5 0 3 2 10
9
1059441144 1742317740 709176475 698383543 2025745574 2073648812 1786759507 176467553 1059441144
56
10 14 16 14 3 14 12 5 5 9 0 6 8 2 15 5 2 19 7 4 7 3 17 14 7 3 18 6 16 4 1 6 10 9 13 5 15 17 10 13 6 2 19 6 4 14 11 6 13 10 3 12 13 0 6 12
4
485701336 1953439578 1811634460 485701336
52
18 2 12 3 7 8 0 9 1 18 11 12 4 7 6 15 14 12 5 9 16 11 9 15 3 4 11 14 16 4 17 15 18 10 10 18 10 11 7 3 1 11 15 6 18 13 13 4 5 11 13 2
95
884350854 310697209 319191569 1625692959 1234853240 2094247523 2031185875 212223536 1405758433 1582498602 827133555 1286961535 1707059813 1340672893 38440997 1397102636 898336732 248675780 2037027997 1943999023 965799275 1722737855 905925954 1306778268 999934981 1887525658 679990686 249535664 1223696664 552233200 747110858 2108047518 862930409 1066302427 1586256829 2097783649 1013066303 1469959057 162523538 271341088 904974011 989657093 1558302623 464550176 182846338 1596743620 1861652812 1081183070 1845419400 1751197162 877698446 663735027 1326451369 1783624400 1970513295 178902702 1523666410 503020333 428438366 599879426 1055253533 1175549224 560443297 1918183942 94368004 2146700126 1868483944 1107434307 1469175535 2031007482 1378775395 226665899 873180927 789594370 691216075 1056027265 238854342 405385240 2137210335 2084273742 9098754 867425133 600525121 1335550123 503565885 423554768 1514452826 2027232296 926575102 1942891192 479628074 1981828635 970956769 1040071371 884350854
74
10 6 12 17 0 7 16 19 9 12 4 11 12 11 5 6 5 6 1 2 14 19 10 8 4 5 4 13 16 6 6 18 4 18 16 16 17 12 15 6 16 19 17 0 2 2 6 19 0 0 2 14 19 12 3 3 17 19 16 6 17 14 4 1 4 12 9 13 17 4 11 13 3 8
55
2071402045 1820193602 831217612 122378997 262453894 1518522552 672851259 2098083709 306725204 1455083831 1811207204 1286200407 801221141 1383653015 1132937636 1898818207 420466424 912261662 1492195583 395176657 649447919 2089816656 517353126 1748547232 2131843413 869746170 2108237504 749653918 443649745 2013534624 1774978772 367568142 1686244579 458712737 489947139 1948698473 1977235289 1162798398 1899298534 136476845 470398582 1563022090 1422677253 1271619723 799191457 408131241 1022954282 1219657881 1320392903 367666217 1614834538 1969840822 309999225 2132187664 2071402045
91
854450186 1531658263 1044012909 1298099931 1397709239 671508033 1665668074 936470170 1130220770 8131565 737684996 959972412 1170929964 489499882 1096449257 1641328546 2052521973 371642862 765464621 704229782 779774103 1788418903 1923887664 2100167007 8601472 1391238554 1922524181 318600698 1375942571 1345944940 612959688 82909109 730119555 1656972597 1381009041 2127828795 180996983 899193467 916815317 1311217753 907325032 1654500313 123706517 2078254996 2144000196 1220155775 1572099894 2049038521 1591798637 190080867 605784655 224089093 1978499770 382188671 176772452 1987101243 1773427226 2099296633 158218293 1001886149 1297757926 771177981 1084795258 2027877481 280666931 318320651 2008222628 461663914 1217514118 777554298 1772881667 2124839151 284570963 1896588185 2055610499 281087511 969260312 1480226746 182642384 413575301 1670307613 788427040 637664394 1501323736 1170615711 814436846 1340941331 796559289 766249832 1499159624 1798445438
59
122853957 735757049 1944401591 403520888 1054077700 1805140572 865184802 124108171 435211222 490582822 101463674 719782185 239687359 9590525 1000869697 1208947671 1489817271 1183512081 1622522972 1012641237 1971939121 112703719 366481325 995071185 927140565 1707422656 1791630474 1693390397 1059098632 1442592265 1609914507 1181952589 30865666 1406832451 1585473478 1084943366 1064489375 303174632 1209051537 1499700597 793757454 1310515211 71999134 1033444813 1320105737 1072868831 94908836 662439360 108897265 1717431809 1675080597 2080836386 1830135528 2041561922 928423923 609792445 1601500930 572570750 122853957
15
2015163015 1765613702 1695068504 2046028681 1024962505 1133058334 983488399 2089451880 1436232966 45056289 1441668829 82506773 1355571500 1513667964 1115951586
90
439053147 1210860423 1190632950 547950412 780808584 718229899 481303151 463460464 612308174 1409727074 1073252909 66325456 1982297824 1228952104 579441371 1849977191 847082159 127026227 1748522224 1872044664 1260084561 584526976 1814012897 548833879 629583265 1108198078 631340652 1985154765 474382394 1747292239 365864707 913435542 810669014 1556497657 1461385954 1591477598 127243908 1942689105 2054938062 739552082 1204932532 980707323 805877539 1039746708 62175780 1385318910 742240252 909257939 1512345137 343278828 633818955 624946050 927805804 300348204 1173779929 1557389069 1408546283 1805120582 1395060187 1882928677 1404929173 1760924894 648880571 68114539 1169938903 2110266526 1659592137 1297182811 1905471983 1567046551 2036734894 962920867 400270226 695128785 2002667576 462446006 2080447695 597424180 1371703945 1445309184 940703008 2005522901 2070255234 1868508813 158387457 1096551515 1278414234 1566933740 754188449 439053147
71
11633974 139432019 1951259341 79748513 1309370922 1914042219 1739340650 459070086 1672030555 1158903553 348321332 487467774 1559173780 1043450117 342651702 2021619786 976414164 940075882 1245840084 274239700 1880778891 1103879337 197011286 1601804056 1262266794 1293562801 732734642 681716887 2047751251 1258725416 1984095657 2059385225 1398157435 1787871350 2139133739 560044710 1554429922 1730990741 1019114796 1078976829 742410647 1367436128 1566444603 154100779 263402597 1909096306 28236917 1239816761 701688540 1274077001 1514056461 434983783 230472690 1711067747 2036787839 1492739485 857146900 622038834 26972724 757414503 1880764250 2011068381 669316081 1131438037 1651456083 660966172 1691482747 1058402357 244473265 563113895 2137379186
13
1930550023 1556340142 1140984691 46468972 1317952800 1169221609 1286285733 2019641340 295814962 652858546 307141476 526287653 1930550023
68
2019027138 1073589546 818484501 2045999862 1831004049 551765103 1909584595 352836482 1683203141 1413557030 1013802654 1227202240 324475740 1258275920 1790316136 314371278 97676184 1573382511 1870711420 1238660876 1619851484 1041180572 260398837 758653569 913338265 556213799 1411512116 1220479741 1082501452 1627954761 1416925408 954044942 554060659 87926262 852561156 237581061 639691365 614662103 590417543 175410858 2028219134 1604220198 1402613099 205211226 715012470 1045445587 519582504 812688654 471344450 242810277 2051349530 2091195934 1283990849 164264719 702365856 49845466 720478519 2113877972 1270325207 1802979971 1594349085 539766968 609541266 926097 627693230 1462102422 238507158 1267384595
27
828924701 1442795454 1957500012 285661251 697924905 15227590 1000673721 1743370492 534810094 1813362376 67231294 777620371 1717228258 10943581 2061611221 1881492978 713309437 2111456687 454487849 679703761 1234298247 109984172 126569198 1774065215 719525438 127495295 828924701
14
366002453 1521659392 2110908739 1194927155 816971198 1920925103 1480588406 1514896103 1936152693 333778480 1110782947 323479139 2147140856 1178014242
12
1716885466 1188957823 1015227084 1450894796 1902267260 979200123 1905382645 434487373 66014722 2015366818 561056571 1716885466
9
688551867 2094354734 621552821 1054554320 1468530479 584977912 101997827 138018029 358419367
35
1652914133 147088412 1916364714 616213432 470567552 1916021922 1794227674 1571667063 1485423740 835701849 439410499 788834889 590485461 1418610622 546733886 1024972834 1484625345 414617056 1586029406 1177221634 1002025665 127097625 1124092721 1623578486 1181651945 445139552 61072751 1283649773 583157581 419492118 718752359 88588066 566580531 487633425 1652914133
84
256171699 351545525 461331498 1741595439 1187247375 900741997 382946680 1777732836 171868971 929680567 655222023 1656494316 1344297623 93767781 686232303 198839640 220865406 1810325024 1822418127 1402517351 107980928 1883490878 538683476 691138509 155499348 1257435835 779726576 722079879 1745069260 1484528075 1759227962 2001240959 1836073600 73075812 1595352751 875837327 973817809 1978299431 506086516 1145686781 760496350 1161308539 654697449 2104793974 1255076320 1340929752 156149966 1475941726 1003771128 1978568093 730975429 1111752056 1714575323 1269658906 1802890566 1870074672 379611093 435133494 444670903 2124680354 1919661569 56415218 1978437665 1608251521 129491030 1426306768 336605201 1103308840 1257122552 842691717 101511973 2017618902 2004000256 756209422 1974929228 1111592928 2097139175 2131079195 440051006 953426655 1962163640 1171026435 2065178712 1529255316
94
1720585630 1251846340 672812787 8235476 1696517243 650009493 1927897045 1752932461 480963510 1388664918 1882423492 1907270279 1725270119 838248684 1016909183 420478188 939760657 887044437 276994796 1695970079 714490018 1388587724 1645625606 698085565 1828638730 451568614 512765557 852181518 369263678 2042020873 1145383211 2089849308 1146383565 1818195998 2098084784 695417161 320721843 1878498181 300865974 801685354 1119679451 35805818 561471985 697465923 874054502 1578381168 1117944111 1813815159 317941957 1394938908 1362301591 1032431975 636042984 860443549 1730517540 317198067 1312012163 95799450 1169379585 1681275841 2137820323 167279148 1623641501 1136720241 1985475147 1574242637 1832137402 158713342 1305257170 2133003376 960398696 277452974 21325547 1521870681 974918897 895380049 952768201 2092863008 561711561 1270710159 1340318268 1924013152 155658486 1976361253 636973053 1886176027 146075672 1948985217 1981975477 1315455257 1482777410 1972312152 1482734405 1720585630
46
4 13 19 7 4 8 15 18 15 17 7 4 10 7 5 9 16 9 16 1 15 15 13 4 4 2 14 8 19 10 6 4 4 5 3 0 13 18 10 0 7 17 5 18 4 2
20
1693083952 1291713644 1432130147 1456015185 1667871939 1069217054 1365022090 1845531803 540795790 442000604 1358485429 1984686679 1001713524 1830374320 95159017 734668700 540473816 999317502 1947063123 1693083952
69
13 6 8 13 15 13 11 19 8 2 4 4 2 1 15 16 12 18 19 8 19 10 12 11 7 12 7 9 7 15 17 13 1 6 6 16 11 9 8 11 3 4 15 5 5 10 14 9 0 13 18 12 3 2 3 10 7 3 11 14 18 1 19 0 19 5 8 10 6
69
877967314 1902164950 395550632 448247461 1202533087 1238833438 107222724 214867273 1946640927 1700424904 1627446946 813490057 143888488 982507841 988578000 1562955092 522692623 1059089807 55647587 1247318795 824604953 858458005 1396617276 1589451633 839915457 1399747475 1534480790 33844018 1128257817 631542949 233098086 2006225131 386224251 628648719 306988945 1588757338 1867482157 414211669 1803624612 1666639436 2114636573 1283587910 332645846 111041414 118612104 1321223846 1673996506 641304727 232830005 1729644093 1888623522 1057434958 440618450 1137757150 499402943 1280533908 390020977 2033883734 1314377926 1518278795 517943035 1547476012 1377020278 904167286 28641083 1684009223 345440976 1896123240 877967314
41
9 18 11 15 4 15 13 10 2 18 15 17 8 5 19 12 5 17 18 3 4 13 16 2 19 19 18 7 12 2 8 13 12 19 0 16 6 13 18 0 3
66
149713109 211767711 1767177351 926213169 775617043 478450948 2092734206 1225866461 504102472 482566742 46575266 2077230008 249419556 1918935005 1531514979 1700281594 1989252073 734439543 954397229 2061151081 1352643136 126403033 1270736292 1571287956 1474824070 1884103458 564114201 231205900 247590010 711435524 272676266 397303120 923203236 2039853617 1323516289 1698820279 370820917 1268766847 777203093 874923389 1751333589 823778359 804669749 2000753145 595229717 188701081 1553551092 436998142 923140624 360464673 350665575 128300113 486867706 1621401867 1699588069 1961691776 1358021677 116218623 45414029 1605611687 827654147 318090295 2002914807 1750857383 210460264 149713109
16
1 7 8 11 16 19 12 14 16 13 18 18 18 11 13 11
10
1612503472 905636912 1972441686 823041501 1021855535 2017855715 281169541 1849509683 188462362 1612503472
19
6 9 5 7 16 5 10 5 5 3 11 13 16 1 4 14 12 9 17
62
1742678062 2041325290 1947700799 418235915 915697177 1818072866 699405456 617723212 2006535228 836006157 2070606631 257974206 4070658 530716768 1238178014 1619849454 1070224014 1527102744 992225191 217939431 1929418147 121951014 716576384 486341656 562578015 855649368 268497542 527087219 985823958 1404185920 502346333 581018372 1298027562 302563484 999254287 66241091 2120636351 1698659744 683964304 1979687931 387182253 607087287 90178490 391252911 1137804055 1328356504 2011102365 60544421 707975600 855843909 278483852 489910100 977794923 995060237 976251756 1540372939 1850709605 1244749298 2067460158 689049915 501451570 1742678062
88
1799479132 724886328 121838927 1865720224 698039031 1820498671 402200880 530243314 60197276 1009288167 620421804 451450187 2147092222 1948778308 315068904 60152996 509270261 1170912813 338636848 999180361 1224089 1333697085 1975432117 1541597028 1036923043 1072697767 1461573538 1725972958 1574149338 1883896382 848557598 1226144822 461299062 970396525 944381398 1159338093 643411548 1346582278 1689581407 703608824 208386797 162519564 1155059011 207995372 2111297872 1470127915 268148368 473084485 493557081 606785216 1472264846 494781170 1940482302 1300213315 2036378198 829921697 225427435 1350468088 408411007 1799576773 1086880822 1256968605 878237947 1548179884 79881482 1822619346 560034329 723293030 1021717976 102132089 1426901854 1230104774 264651653 434477217 1438100146 228465877 1904605133 1706248514 701550363 250678566 165550082 26331561 745459736 2106032384 1326544877 634354286 788470433 1551972312
75
1196881441 1204065437 924219549 306366398 2082303384 324915785 386247881 1757439082 884950115 1109540911 631673411 987082204 388959118 1861778185 1251733857 823436335 1152394683 1480199734 580557820 711159549 34266449 831236386 876709631 60598011 1576696122 835258368 1387142888 63566760 1623728801 791631552 2048389135 673126594 1995696989 825125036 979492993 1930516725 1150040821 1365740874 1540472160 2034990936 327798137 24661923 874589492 716757255 1886440108 2126323349 1540193591 891351143 1459039436 2120751411 1602510692 1493305885 804504150 331736675 1553903896 233716624 1166995043 793563136 297283385 643240197 1585194688 198188872 1316366791 1433408029 1023313908 148376136 1216441107 25871081 1514117010 609429619 2060862018 1841915148 634091542 787967862 1196881441
3
766807564 1951382346 1264399145
53
1924650110 719426189 1571669237 581670612 1051162864 978089486 815387236 70674260 1771652622 1112670621 713914457 1209363663 1310859493 2030281248 495288044 186689753 31173737 1711729151 212560835 1545290747 173675122 125939205 1239722247 807766664 913907067 1650911003 1180814666 1680714631 1454809701 297730163 1759077983 1231976163 1017156352 1183263573 1813646775 2068319217 13869411 481550364 2138993477 1785522033 1594220985 705424286 847402048 757596831 588221886 1342690093 944286584 619395623 906935596 1156847419 17202723 1080610719 1924650110
71
3 4 5 2 15 19 5 11 2 10 16 10 19 7 14 8 12 11 14 1 2 0 6 19 4 2 18 7 1 15 9 17 19 15 11 6 14 16 17 8 6 13 18 5 12 4 13 5 8 19 6 10 0 12 9 16 6 0 15 0 7 16 17 6 11 0 12 17 16 2 18
36
857071087 430547728 1557794592 1191880340 1717593893 1304744318 1555896325 1751261781 1758574997 649037443 1289148223 1360024869 1961477435 1275539805 728489557 2105184601 719800297 2028655432 13286013 904716324 74996521 1869126350 1879497930 2070316092 4479422 1079102494 1639841582 2081234739 1992532676 83227532 1746052626 702120116 513775260 1156363570 1894000456 857071087
41
1302413133 1835147286 2072199238 1951450576 976811862 1284740459 1765444363 104868019 2013230017 1723145316 824668316 1894401801 1736431330 1729384640 1969398322 1458074032 1461398922 1892230767 1462553455 393017768 1384588701 1396304546 238066797 1467816233 994873524 940186913 1981591493 3753446 686703721 2065476999 317377687 1989116854 1753140637 242093277 1793083782 582468851 1526833736 1411044497 687336870 1392580105 986706165
87
1139498259 575653847 1093906178 961412933 2033727880 407821452 706160052 1348797687 800839221 2090748753 597618585 1038906018 1411081338 1592492109 1979092931 1245189184 1596245555 518313004 1163182535 1913623242 359946210 768839524 8232871 5546344 1351308376 1535066608 1416590841 2038645246 780163065 255813358 1403166785 1919661324 831467206 349589315 733590610 717711438 757410768 1439750662 2066509125 1558249989 1383015768 516644062 449672359 646613458 2109136171 281281642 1891802642 1557898078 799594646 907501529 1324037673 1159540856 1676341054 1332270544 1165087200 880165782 719853504 434194393 771327380 1500016570 690007751 27010517 1272194246 1521474957 376599833 2005784856 91702747 1134010601 1298051871 10728224 544776942 533583991 527372286 994449301 1180197449 489024809 1275730943 924516444 2046922888 2075325589 1832017973 1223476913 1087382797 1360875379 408263809 104986349 1139498259
15
539180742 864884894 480650236 1229188493 891895411 1752844482 603179803 1268495244 1611145691 694882550 255022197 761713914 705610775 799799139 1295297905
62
1794248440 328011706 1722007871 922495735 1252528150 1621447111 850337676 937062476 697440376 1937720473 150454207 1105704185 2042706822 244011721 86337851 434403916 1108896615 566988087 1663592410 2000792026 172348922 119288565 1121803623 1783494613 814171115 1376825820 397724879 1519781890 29141312 1693022784 605281304 1823389752 2021034490 179805527 598401840 1126078993 1801252638 1448739516 2063141469 351209366 1238976342 66112028 1456913551 1134199516 310123749 1543251403 1568603433 1419020364 2110239490 1084712195 1272328743 135104764 1204000760 246648718 1918599377 2018171875 1623474538 168840608 1390470118 1652615850 1861863392 1794248440
56
15 1 15 0 19 3 1 17 17 9 8 14 19 3 19 15 6 14 18 10 6 16 0 13 7 8 3 9 13 5 4 0 18 11 0 17 7 1 14 4 2 15 10 1 18 9 17 16 15 7 7 13 16 19 7 3
48
1165013190 354859824 1950132800 1143176628 313438581 28509392 1149413366 51457484 968379212 837492396 1017656051 390432785 558623082 156043328 508265788 1769718977 748302478 1632001969 1719064188 68069640 885694398 369414556 1347540655 1689155466 3358495 1495748989 2141550242 392011734 383382868 1718869617 1704214882 1548396058 2073729441 1506864034 544089038 239684374 1535373427 1693502405 291141859 356268991 383511153 1308797910 746701777 942134235 1464841238 1254967565 564369565 1165013190
87
135950105 133729709 1625180285 505364661 1481270364 1166852103 508723157 829535705 1160918697 900734891 1212918573 732304666 457466125 613830984 658550459 1964330160 1157920022 898234834 1352219939 703938779 1189376693 1708488930 1087449932 350690955 307707059 2029584168 1815532194 1562674624 446470085 1881192263 154676863 582420190 2014921972 1779857148 1087784851 1348708688 799225603 1596508008 30760746 1960144300 349759252 1243679319 544965318 807225377 1857510303 1203515777 624071889 867946678 2101750611 1976291828 1571885457 1143643656 1537297111 511851742 1494334612 1845004170 393952262 1162383158 1260195147 840422347 896091773 1414872010 1422842537 763530097 1047245510 363143740 2112238785 1846471113 1959651749 2142999531 1659131765 161927353 1239195203 56613435 969152730 949221858 1260129212 1593224620 1817168536 1214396176 1422032800 1241570346 210556184 811846263 1753422088 1704890796 509366786
51
719790306 1769561933 840313049 1615882079 1036950295 115671938 231928528 2084195805 478815678 196683666 1783183270 290983779 192199549 1294831387 452911132 1431394752 1351444822 1422063863 233132963 464090386 867804835 2050301499 1678486562 142353987 1144388197 1889042747 954200251 750326637 1446449895 1463567037 750217339 18756554 1085645322 1590530388 1634638633 2122595617 1706202326 1866567162 2059307774 37534357 2063250828 1695007396 328518136 107966729 842355135 781429269 1539361482 46316309 56009484 1772494445 719790306
20
1675312296 41409610 1066168306 672216846 1930452357 2020368557 1422543483 1229418604 1336451946 25277175 1248175158 274613620 1615807563 735330144 249725589 1174526242 454413658 161549715 1212060599 370180838
12
1540578735 478147567 551428598 174524356 2017509049 597744907 230533840 1642519846 1108151603 1154348159 1170348495 1540578735
19
1842565341 932529922 2093401375 1117625176 14464878 1282369674 1142902351 1262640037 1556983294 611226267 1997970181 1806708884 1785752509 304900191 1968258599 850329460 675081029 1677332063 243424547
97
81277013 417948904 1023253998 679021921 648482744 518290196 1787173524 1802830904 1688638691 789251089 1875863722 1383720384 1721781011 1821781449 353861913 1736245889 956667475 1496764264 851402278 366167122 2107990531 701888811 25392358 1746259392 1006789002 1993650957 449105204 1681870031 1523499372 692529752 687614980 1604776386 1110478656 1710868978 136314659 1758961400 81675526 1923488183 1414308656 1770314218 565255624 1142688730 1006550954 139552987 816986532 1360412867 1875798876 1773654007 709693484 579717507 2139821129 670200367 1281606318 17729839 268976112 140911673 2011380797 718081316 1822781704 1387396521 1410611068 362913036 844689259 373606076 2073782014 981003918 2132567477 7973893 757008453 1399392485 1778288111 1322264077 394597568 637355417 1461817064 1211584100 1997768285 1190132293 837754459 559978121 1769849800 830091941 1230178488 903972470 847821780 1499154600 1044884143 711718929 69752269 720182200 2099115451 1480363337 1083095236 796321062 1853969414 1009393603 81277013
44
1017367496 386849786 1090962080 648171959 1709113864 1485559648 1285527376 1023447280 549660100 1135812013 66095925 1387414560 1695790134 1835945725 70022853 778484975 592434548 917844633 130155927 1637318691 1629563563 199908196 210017243 1581195366 1680271534 1293112480 230032780 1386757300 155022435 2007357761 1078326895 1172389931 246723900 21805327 1820561890 1955837764 1507364976 958605618 831801396 2057025076 2094417632 897897322 1296955988 1642724118
100
1366978841 273725445 1178793947 137339827 403881373 668628991 1766903390 603789569 878646234 1200615108 136577455 24275066 1430647888 1523334755 179297501 1290522002 454178002 1351687432 1537245902 475983330 1024765674 1345600018 1983348306 1983371293 29917766 1892889734 1930305277 927815088 1042362075 1425545747 1514174488 261857268 1699271193 545484787 399197095 2103152566 1214113778 18616837 559458487 2092760013 1219231945 696035943 2117035079 502396186 71887050 148848933 1792918188 526065053 1500536365 1182680442 1002048383 377818392 380796812 837913041 213706037 410714578 583319127 2144011314 1338529667 1625681202 1422073413 705220507 1887538471 973860958 1250705294 139251918 929529876 317335425 157868756 1488988364 262611790 1377100701 37540659 232163221 1879496887 109427709 381012154 1524931427 635492762 1881548520 560128221 1637541145 111883264 940925033 327970538 325589301 1351639612 911289666 322116967 542685631 389487220 1744190380 1247906138 129542043 570567691 351127784 268793962 1500097567 668463209 1366978841
84
19 19 2 1 19 12 15 18 14 7 0 12 11 5 10 12 17 8 19 0 9 12 18 12 15 3 14 2 4 12 18 4 4 0 17 15 12 12 13 19 12 5 3 3 11 13 8 0 14 19 1 3 3 19 15 18 14 2 13 19 14 11 15 10 11 12 5 16 4 11 7 8 16 10 4 7 15 4 0 9 3 1 4 19
53
1741995000 1809107737 1451389487 1971891122 221241462 619711998 1474687008 1032770593 852758633 2054146079 827870777 1166283965 951077696 595112665 957054721 1226189947 1958559672 1503386150 57868196 1737365414 2047993114 2007873783 1373621341 11696130 104705775 1073224923 1727367273 804450756 1431560847 239683464 1073683209 1026072199 2048791202 377589048 850479673 122549016 997301046 177683034 1155319610 1850059679 84345465 1983190387 868859996 1035423161 430819404 1825914717 114129461 241895428 1181817219 171997657 1979260842 1082326685 1741995000
36
15 8 10 1 4 18 5 13 9 19 13 3 16 19 17 6 10 2 5 6 15 1 16 16 9 7 13 3 13 6 18 0 14 9 1 18
60
2143196847 1706633584 1478525768 810610658 1951966517 622811003 1748057134 1047116849 2092262920 1693339572 1992326859 1498576654 1474328749 1658913218 1940313550 1686137330 1003930646 348696258 2139841339 1530765293 1076560272 277838894 992442978 1836812078 1768718633 1548143479 586673804 1243254534 630266772 278079854 133007445 625979971 1984713438 1611533213 1436590630 1789196308 86860569 1037164116 688829509 31639841 583020041 533672720 1530216496 2057348790 45102290 1323046398 1596002473 1049032936 1671742656 1588360164 432314582 600819280 1866199059 1424757560 290147710 1487434044 825417391 876821514 583204930 2143196847
70
15 15 19 0 17 19 9 6 8 11 7 9 7 9 19 17 14 8 5 19 10 6 10 2 16 6 14 3 16 10 12 3 17 3 3 15 3 13 13 11 4 0 12 3 9 4 0 4 4 5 15 14 3 17 16 12 3 2 15 11 12 7 14 2 10 17 9 5 10 2
10
230022046 1016426422 77238853 658479269 529874743 1645237437 2091478089 245178659 1868750001 230022046
35
1180091127 702245882 470181883 1004018376 918465494 38546998 18465490 1283790569 1038998609 1826600283 805638828 2040265443 2067635945 476141431 1075125793 2112343594 929142196 558185815 73691168 1339830805 788207862 1090117590 1417069659 1446687131 1619992333 914823448 1390681573 1865170993 636089802 1148991792 1468385679 1816180929 1851237674 1938567563 672715657
22
1977114561 691181148 1906010090 868629523 370297783 564165271 761411318 290450080 1040306702 1836537111 255310026 1969448898 247239279 329001194 1161796056 1035447141 1419118784 431382067 334650624 891627469 1346205515 1977114561
15
1982295317 726840341 2077700494 1650992599 430594368 1868784409 176224608 1052813889 1698415322 867405756 811340331 419561197 1237703539 1375505602 1180972516
20
268328656 870025979 1783463645 90293907 1117265258 2112464839 1252089963 5228751 1384099975 1683472030 339879376 128243797 882193897 2065211573 737558611 717005567 644568267 667775457 220514518 268328656
19
396739126 2127976524 2087491541 1264144883 791833207 359569090 354364774 19855162 1540541606 1882518394 288183818 263083938 1518498391 378477725 1380349196 1483479583 1630567688 1385577948 720095910
71
1725457324 848339707 2048749968 1643185249 1585898319 618271887 140269868 106190128 838786405 1215432503 495266347 1235525531 1195925379 435274240 352186766 1987758587 794843330 706551541 2007613749 187901289 441586287 148313919 450985227 1960084678 526791645 1831334423 1296080613 9875685 1069428723 2016176524 1176431756 647402399 717032583 1077698076 143104001 155447254 1695969963 283373869 261637383 387272720 1498806373 756903730 1622798251 547248104 1192177970 1974985018 387523043 1987021300 534052911 247653144 27438941 975639198 395967064 478424168 788240228 922758709 162274944 2084320842 932634394 1231703667 1953013718 2109066150 1879106067 522562653 1039280578 2022210068 678009908 587766893 158100289 939647291 1725457324
63
1696551021 450354217 56671119 741245343 277855587 444194162 580782995 811908498 691847307 608221937 1787547696 1087814371 1086646105 428304276 2010573080 1248921049 365141470 795723826 333141069 170671540 757306329 64763488 693234194 1796586907 2086973556 1371244102 236870153 97590197 163407745 1211909766 1754496860 1859958766 1662263983 1811167979 453720461 1940119570 107878493 1034503456 604544420 799725800 1642725393 244608468 1887540171 581887851 672912745 1750629603 1830808900 1038054215 398869782 16466321 1208725756 1156176111 81229809 1901959950 805279370 20719717 1125720404 1042149523 118309915 1289128149 106575642 1872806775 1001603267
26
1536491106 1455323728 1561475548 1644369599 342343536 18536320 296611752 1985068930 263144789 36668275 419473133 936057534 1787297879 102798385 1974111749 38684013 119264707 1035353857 1194860124 200494516 789830159 2000139494 221214234 1915550563 894805370 1536491106
65
1001381012 64847276 2058798331 622736989 1601338382 1366638411 36728889 1098224333 1708981948 55265210 1394836085 1546567230 318409999 1431504361 1966040363 1254467533 1071318592 2068838748 1081095634 1110002605 40619807 2116449492 157379081 241114324 758796003 10034927 462328558 526862919 904840297 801852707 1584057983 1906221309 866699983 1495372667 381474651 320554717 714527430 418203540 1418779050 276025730 473468750 666131488 1822592960 791878749 2097635849 1641149675 2046346282 1021470793 1562504776 979958269 2131473398 1603124583 948924113 141368831 1844238907 1707720116 151403758 159083817 87099387 1056244056 960936524 1671157371 814981717 1827636507 1019046390
69
707576 1733573820 1614659909 1419486627 2009599551 2088128659 2085618115 1684708863 732523761 2035770316 1178374891 631386395 909757461 593396019 1611344664 893747211 49036954 412785129 1035116042 1893275862 2120505246 1186519800 2052359679 60120985 95280208 865812556 1731278356 910261926 545965415 602841098 2106718294 546672992 188931271 1573894555 1966159619 51047174 1514539567 1904294086 1735756037 99579680 1792580754 766647280 730966075 554854567 1360043299 194827092 1448601778 1409080254 607612221 336234172 1154872468 580633819 1522753972 1059748499 640754805 1618034181 1925561055 224549513 380812459 324042823 827390612 340047105 870715815 1016321883 1913941661 689391786 1067369057 1280997580 707576
47
0 10 7 15 17 18 19 15 12 1 19 12 0 11 12 5 4 19 11 3 14 3 9 9 6 2 15 15 14 19 1 6 1 0 13 18 19 13 5 3 14 4 8 6 8 12 4
93
2046850751 125187935 1338486908 2112553286 1017532038 1188673529 901487987 778714376 805318163 379814475 1607265771 1702960377 304343186 943974964 1833696203 320171228 1702972885 1928491716 982153166 949335536 34690361 1591407132 92143171 1054871655 336683648 286268259 1274702122 888220336 443975651 1334936566 569084081 343342755 1460124501 1907570989 308412393 330172891 948760870 1209900380 1108887267 1754079033 1589714855 568669390 1309555762 1894058042 1512644354 995768317 66745622 1068133591 776776385 1048898788 2017469127 811466747 492822272 2109612299 1866338402 829505921 248396910 993556876 1717726257 692372562 181009794 139326690 1035715317 1641134295 2046897679 1344127710 1971307186 848174901 406544442 932710805 454770286 1996259298 1501380195 1764326048 1742833692 866540902 612610717 1809579314 1934674493 1389387103 710994454 1804659973 53370202 1203816727 1766788624 1919708604 2033322648 2015185534 765781833 1603565257 560074448 946791627 2046850751
66
15 19 7 13 13 10 19 19 0 6 0 4 8 17 10 14 12 4 19 14 3 15 11 11 1 4 1 10 11 1 7 18 12 15 12 5 17 11 5 17 17 17 1 18 14 3 4 7 7 3 1 11 18 12 14 19 8 7 1 12 8 9 10 13 16 2
79
452837713 25216465 813826735 1701688750 2137583403 873879812 1446160103 1372397113 1961153527 1495831086 1811815737 1170067686 414212505 965531952 701476139 1552604736 600334382 327603844 501879483 583924913 814232632 1013085650 1476377995 960670484 534147891 578516096 1207359675 707372184 830256692 1818566017 1875755762 1283094405 1843782483 542098850 837299507 1833882238 1415978662 135975962 1058795703 1229648541 1631807048 723127792 252232579 2046019553 1688659744 953708719 1451140642 141510478 1281312563 1953020125 725435391 2095545195 818622127 54329738 908732032 1352770018 632845834 2116091707 2060142202 1463102526 1787174076 1788414317 598713283 1483472911 183029519 1436012790 1169871501 1599008181 1571988752 81183556 681173075 1056312152 804311348 933405654 954848058 345487444 1887114373 258505052 452837713
89
9 14 16 16 12 8 7 7 7 1 5 15 18 9 19 17 11 0 11 16 17 6 8 17 12 18 2 18 10 4 6 19 10 14 16 3 14 3 2 1 4 19 9 15 0 0 4 12 0 7 8 9 5 8 19 18 7 1 16 9 17 14 9 8 9 17 3 3 12 17 17 16 16 18 3 17 18 8 1 10 7 1 12 13 1 11 11 0 4
100
542663210 2133860521 1005446445 1593868279 1666397141 739355626 2093451796 945555576 676285262 2129363788 1870944713 515096631 1702212836 1362825022 1741825089 453538192 1235137551 883527959 355392272 442868844 2079585009 683868379 1660477845 960624973 1396232892 28801058 404038876 1235674195 233457639 1485221540 832495046 776120849 1471598414 1837941492 222505480 990511907 429813470 168473628 1936067484 1106098732 150353768 1659528549 1621195363 1852566604 874869923 1215536804 158621148 2110007474 2099064763 514013420 405392670 2031166125 1197881800 2065870515 844307450 446631044 2094671574 1248346327 1682305240 180645565 586084219 367316638 956766414 2057682633 57774482 1179271894 900710893 487587953 1347745522 689294729 1593686685 1498099290 201339630 1067398401 1203182246 1076209554 135451557 1361803395 1038733380 87032673 1875816815 1444126051 2118198798 926214967 1362512918 815022600 1372846012 1309700844 2063368927 907667604 1490346409 501969499 1274984242 299629175 412168484 1332758725 1478901069 1312879377 1820346678 542663210
7
1266549715 29778585 56030089 186464468 1232960832 1132239643 321916026
80
23489375 408948699 175613746 1467615426 379663849 1101828714 682644697 1194686449 327191078 1992345541 1110571729 1234858682 1335208303 1612541228 362359276 1634837478 2024709712 1695118001 966254900 1190105442 1367981031 1645417843 1044795900 487047099 1675196429 1100825989 673511567 760673613 85581984 995427593 1207954192 109071360 1404376292 1383567938 1576686786 1784040141 337913004 111847835 831242943 665104082 2104193377 1941814672 1899962764 1291918032 1406872252 114838393 779271862 1284098316 1809956394 1745526762 326720110 1030453778 1243460958 1371516011 1517500877 771173739 324858352 43528796 1531847352 410440337 1038956390 592317896 519511697 295849034 1975885834 2096198483 2079889176 166315191 60562671 763648471 831419273 17272400 557979495 583898390 1309190432 1964851747 698736783 2088462294 1101466415 23489375
10
1428186526 1391663307 782482719 652218889 761680536 1553656458 977077241 805209333 938020162 1387517578
24
1530338058 1907029275 2140014757 1358740244 1855744111 2072420285 1525055435 1916306782 688585108 208991061 1933579182 1246564603 792889451 1095285966 1063932702 1491626234 1036264612 17915470 1852835763 575286373 1446101996 1097015423 1357769092 1530338058
60
763941902 927914478 516421644 1701962064 167948409 213103719 1084816474 2074977684 205634829 296073071 1783238147 130571466 1821128506 1552061281 819156575 2030119567 1338156815 2065721178 675525370 285959133 982170233 19667956 1322223746 1000085703 1872503720 1897510119 298704051 822035495 1107795564 249541288 533247806 1871737466 1177455766 1049669451 1426215883 1345404175 1262773170 363548709 1272898212 1468407999 659621780 908652711 1598979466 333266639 313230345 270652393 215902558 1651387160 188889923 891427929 1937346294 1171060156 911095885 1112086392 23662211 636115957 862112863 322366262 1458151452 1969908427
51
1991399259 1694162246 1749363317 893585062 972894481 947283844 8874584 1336443190 72698408 1477282584 1996064971 981351120 928778402 181847962 1294581465 1199430795 397750520 798484977 1388320718 1289178449 588347623 411897227 52790687 1700434015 435559438 688906644 415063231 757925701 2147058097 237488010 1329833251 1990973708 1931650256 931712920 737075122 757061089 1878996765 745949706 2093504280 1951695173 75748642 1942085603 785562645 1004527044 2123933565 2080144110 56474191 374200437 731145440 1444794910 1991399259
64
1856692137 1716169574 872443431 144767927 257592570 1287506662 902693628 257167019 1524994672 85043232 100657079 1309161281 1016756152 837732201 2066222370 748269269 1583681908 2012243002 552480795 1659430550 1806844957 1338043440 516473947 1783294874 1270703903 572948138 10011664 2001849343 2017743048 1673390551 1173858758 1726951537 1242076477 2046302189 1871719465 1499669047 1186325203 626929445 1756836067 563836228 711972677 1857493146 1872997509 1728728830 547741700 1791736231 329514451 2131423608 1656495586 881995246 1643370510 1315856895 72555039 12360809 951668122 1343258942 585308948 961679786 1197624637 455568348 487586689 223999747 35036238 1729663166
90
1906755703 1081848565 1309143492 386201500 691200984 1872979720 1098174178 401210483 1598493581 679419360 948952183 1242746165 1008933811 932892143 751758103 1890929058 428779005 2067614998 1963484097 441139815 871799472 1159259391 1026448763 1833479258 209400380 1482017111 173582299 433400127 1517053349 1903245465 556218416 1276325404 837610383 1865361909 1662526905 1528811367 1590857981 613217435 1930021850 1041867915 1292636795 731490385 137130432 154086958 1664382528 888888535 2045016016 2093161534 809019885 1861016465 386817701 1680819358 872792208 1413266464 1366814968 1082192588 747799927 1540397268 1515592716 117369629 1296159085 2071811132 1393695033 2133769468 1789689393 908738290 1515097188 1233063727 1521955725 1297635390 127447994 667108872 2029125776 264578426 821195831 1546024656 1153466961 718728199 1491702542 1962486846 432261017 1878520243 1495822556 1305053225 1144303059 715153877 239762166 1892102987 108067497 1906755703
17
2 6 1 3 12 4 3 11 9 13 5 14 1 11 5 10 12
25
680163364 1767964770 2030704641 411199960 1116303679 1188274219 1555503019 1831457556 1428036385 1300122358 1939525053 1035907619 1162111326 1196267987 568106337 270311680 439296742 1889994449 287250324 1197422685 149978992 1826144693 1105700371 684895177 680163364
85
1484389788 616896064 84081006 1289867712 67856041 764244371 910348835 2098560682 1175444331 2026652514 1139351253 583463702 1710626422 419903990 1883586061 1502667827 1455811609 898213739 551452166 2023917947 1168525419 990748909 1766428748 1455775743 40687946 1916407741 1134436789 1146388317 453819270 871617428 2042008502 1938209059 1488513493 2126089508 1080593123 1556369534 742850231 1990941958 1507446568 1918294562 1870110824 499314174 354274617 1433253598 919218164 90377030 788437777 227546126 988590769 1339889944 103980425 9632541 183155205 1870409173 1465408284 223843151 1639333266 452361425 1370231469 2093152537 1323978854 1264756323 1883877948 665008699 1243362183 816987423 73894585 1986212415 660445734 1581341153 1757023329 383072910 2080655327 2111297946 1816326509 852389844 54191328 457280638 1079935970 1042782098 1797170582 1183916395 1052414639 1980325787 906841920
76
56685291 398691539 822700701 1426916760 344360428 2146679555 544189435 80754728 664204606 1787551618 897742151 738099191 1626280385 1558187885 171956696 1235820067 1941260796 105128376 1199634365 1610103657 957518220 1253825694 2067384295 2037454190 149124144 1717071230 1073886937 1201538783 1549913369 1980728857 1571878058 1606598660 231936748 247095111 886031772 576297176 246291018 1430221207 657051904 910495624 1070289178 1554794056 1648594815 549085915 965498293 1820551512 1784905982 759275441 1925679888 837056700 221895450 735714460 2090882394 141796098 625685002 92522890 1858867328 1699571939 1294061673 1261297049 1532817148 718456083 720412062 1764753897 965551195 1606443834 193567425 1211842213 889181394 850619330 2122337838 1959470572 257929738 1623449005 361072839 56685291
70
2145978822 1982703473 1074713109 835551874 57115275 1810427569 778950620 198911373 288628923 871473510 2057778701 1988200862 18051535 1171592103 1373534363 736507618 1892004165 990804612 1702058813 1350964351 1184372037 766417379 92662097 2034991367 741271569 2052132669 145437457 217236926 265721861 1368865489 1513753796 264217035 1204085314 440983257 1099768909 1261200589 103927179 1878719529 1460111963 392556102 602709391 1370407016 233273317 620760926 394515471 1606807680 1357268544 139035988 450128644 911843710 1490000340 1634500681 1678261089 1582662437 1522008401 272049010 1487311459 1667445858 489285936 1753033320 888827699 2003039732 2017250355 2092913013 296539342 969535616 1206629955 400466521 700771497 519258270
24
1303480888 1889665286 1026295940 1924241814 136697110 485619972 1134026710 275733098 935748616 2045870420 1765733438 422765650 1576647861 1200912228 1944774051 1848696871 540740039 1464736261 190499160 146289711 206080313 46055244 16056418 1303480888
87
14 13 7 11 3 11 11 2 3 17 12 16 7 10 12 0 1 14 13 1 5 17 0 19 17 11 12 1 9 10 8 15 16 15 6 11 18 9 5 2 6 17 10 5 0 14 17 13 9 11 14 6 0 6 5 17 9 9 18 18 12 18 13 8 6 11 11 16 12 17 10 18 6 0 15 6 15 13 11 4 4 17 2 4 3 8 13
25
801371469 863142343 1899807022 1560607321 2137666702 1735255247 1114178781 1221343720 1354466030 1339483753 1797740776 1599800142 1708618130 2134270247 942892872 1830374916 983964479 1136889868 1589280215 183088086 1685839901 488109918 1990671330 1522955957 801371469
34
13 11 13 18 16 14 1 10 16 15 10 9 7 0 14 4 15 4 3 19 13 14 7 0 1 0 18 3 9 6 8 2 18 13
61
1002869186 479113328 973770434 2125469096 192523996 2059436909 688356958 1020113445 71479809 605710851 1039703000 2028747133 2122864886 620427036 1825317408 287944497 2031525989 458368514 1737397625 736937861 1421991355 577723357 2077943300 81318231 941005047 502017238 761229039 586950981 134609888 940055373 465237994 1137479074 1419168701 1439008428 1115464523 1611692697 1350961689 1803821481 484322494 1422441498 262048684 1524025494 1303704983 237429922 2144452531 981538743 525374420 2028494872 1439907258 115288397 617949086 714414965 693011754 548408738 795733196 1634016801 1050425976 1556962236 73484135 1185035865 1002869186
30
175031291 1768702662 1977730557 1290495814 1232911711 1181208598 946833648 1717234205 456166449 1208882332 1093776052 1759871432 1446312255 1090744935 593926528 1971686675 971756159 2033833786 2086975072 1589705245 600765103 632503178 2138113983 1396498300 119036332 1041056312 805976888 192520467 78608529 1155510849
97
253639820 776729863 561489505 1544135635 2009641574 1742698103 343485635 1579392131 51380904 1552367967 525684535 1811252337 851196574 1616429470 257695217 675399601 440701982 144045355 614891025 2030407227 744810458 1247394204 2021037563 2141308758 1366430536 914610227 799801998 1558951003 993218756 1955312847 142709951 1246858576 584559062 704199456 643510563 446716988 299413911 986996198 2026109120 350794816 391880518 404310007 14563505 1243077092 2020739478 272258722 1918476694 313957812 416304077 385884071 196881391 1161114535 1633278275 70435306 1154939646 852225163 985045533 1954741644 263692518 1978264289 1762570844 406402469 1077639218 199646258 1110601925 1721149781 646363247 1410015837 560662332 524988719 1760810653 952542850 929298726 1775374158 48136294 802554556 2047632880 1966612988 1116512368 316453309 205013412 1313393760 1477567844 1838291687 1383829066 485023842 543033203 221390952 292281839 806725721 52171593 2054852683 1213128191 1129810811 107015293 176246468 253639820
41
1586262305 1264139277 1278367259 1199589310 69198479 60182338 827479820 117334773 862736894 727629052 2083947762 1979249263 1044082361 141477526 1145159375 374166558 1979769213 381504793 859190400 375318768 602895745 1151472239 1182044490 655067339 1058841274 247689033 1784878150 1165856568 423935501 340871447 1919235108 2010197807 1605010724 1050118720 1062303469 1674209203 1110301058 1889783290 1791543977 1973037952 469928694
92
1804803567 1514011056 1869485617 802479294 1888177614 1701771182 1183984088 599884366 2077089951 1786879833 1751356606 1111650793 294463524 662714232 1359339826 2079341675 1828570800 1783275327 272729474 1600322261 1645989486 1877740199 502957333 560809308 1404465754 1613258391 303108950 1048526083 1438812695 773037644 629050526 1096132615 139565052 351052495 1898611909 2027742666 2052823678 935112349 480143385 1982429981 574508535 84016343 946597126 868972059 746730575 158453304 800830086 427817728 1941728631 1073559561 2028139989 1440234470 803816112 383613674 2001043778 60798218 1996872065 156669080 1109324302 1288201112 929706724 1738374828 236850079 1069271777 2089427324 2135461989 949530795 1994767354 923090690 1429674180 1829713687 1497599225 1513690523 628827165 219087637 112937451 787280469 1019917723 540755179 581525452 2093477284 421411520 2021759922 749809748 805025194 1875320052 810607967 654413611 2031989132 1919932269 1942614723 1804803567
50
31981155 1883483986 1452767125 19959496 685531133 1300050831 943050186 2115205314 982280870 293165764 1481412189 1611108035 512253401 1594349640 250904856 1532171124 2135104819 832430309 1478164761 409032691 706706583 80490861 1214057885 434542988 891098828 1868471496 319048472 663547449 1663602572 1133260681 26887251 1695583727 869261019 1479654376 1715543223 1554792153 632221560 511109761 1522513819 1614502430 804275525 856442360 1078126818 1316528926 303308353 1329031674 701216403 290929524 13978335 31897516
17
720684919 112388377 1914020101 1155227907 1003487206 1635007950 1474276379 1667034655 1151126874 460053413 1693921906 699226953 1329314432 1026092635 267286528 736622937 720684919
90
111653108 1125332977 1582671815 968095469 55976147 751717093 1271403822 1385007822 1452933496 1562333346 1398986157 1484831012 114811914 2119671076 1597219390 2028832016 1127415335 453222948 1516356318 454208067 2120257603 519999544 914261480 1666695862 1219226497 96092264 545304849 1486513025 832715202 56135396 117425666 944368310 1181468373 1700097481 1912463779 1237444521 304330927 1036383953 474968695 1757264423 451233652 1873954852 1094611788 566045566 1846142281 544347530 447393934 826073968 997570478 1963750252 1280282035 970344433 336266148 47059867 489556647 1555492645 143152132 1034861496 894522022 975867334 1090996892 1011947689 1920235644 124981618 564561522 1685215776 1362426139 868892449 574116081 1837394834 478673225 1025349733 1563866038 1573285013 1591395300 1262524671 2117632543 2038789234 2088598640 967719373 1855055839 1221397027 1938063806 43838339 1268456895 280136806 1599330985 1411609027 1314998302 346369359
14
258511547 1358317048 12744709 383493165 1922878571 1697960485 1745919304 644287372 124592919 1435830490 1122960597 1149942652 852212880 258511547
5
12 17 11 4 10
83
1129765923 1277210389 236570421 250739170 1557347195 1835901406 1662348197 724861849 34787118 1902340910 983373396 1393104166 1915085620 1366866561 1168499089 1465562457 965302217 1812786462 1590155376 253649059 788263411 592614381 1105861940 1337025374 1186468685 1073115844 1855936231 1671628576 981484740 1195082814 1864360658 2111250663 324809555 2100931080 214506186 1882156750 1789348838 1876854383 459534951 1824135956 1631711646 1442908348 1069756475 1399313618 662291261 90771916 717392427 1627593479 1903558378 160064156 1881242538 544338142 752678537 839620830 1881363516 1939147222 1912736674 1589816099 1463292151 746737766 637415265 1180169161 710504782 962224820 1133616593 925010968 696897922 775481784 654381703 1156432874 452134092 138609701 451857574 1521890567 1537923319 1114148835 1612662484 107832099 594258666 1368737214 267896255 328017557 1129765923
93
7 4 6 14 16 9 0 1 11 14 14 16 2 16 0 6 2 13 7 16 12 19 12 8 18 10 3 13 7 11 17 15 8 3 1 4 13 13 17 16 8 3 12 10 0 13 8 2 18 8 11 2 19 3 11 17 5 6 2 13 17 19 0 17 14 1 13 19 14 11 15 2 14 0 5 6 13 13 1 3 13 12 5 12 7 16 1 12 14 3 5 12 14
6
58091181 2083675689 2142017386 471826635 406676060 58091181
19
1578089556 1973980615 389864944 1597297856 310296412 1673953951 1534131721 1952248726 206527504 763072356 270555651 981701736 180491533 911276844 1517807023 147939862 1038369465 2074916055 248221516
82
1093635433 1977216028 1237075695 329693790 2035307210 1173267736 324227529 359650197 1579943797 1150518582 761586715 1010549705 977015549 1151451659 460363913 1287311962 677921962 1994495634 1092077040 884449466 610084342 1362632691 1866151202 790575875 126425887 1236474577 938515737 1164795353 1163906985 1186737254 1395965934 110058770 1016469634 485557981 439752560 904293196 1658825718 763980089 1263943393 1091285867 1914498671 2025530108 2101835572 744030573 1029498120 414715837 2031342535 1707420082 261727823 975935927 444385901 871812165 191084970 163053455 1662388040 317510858 1399528033 453420130 1482306211 415951370 1640157384 730788497 526010140 509143370 1216346478 965762700 1413436567 727688548 1729742790 529896312 1818974415 1496757813 407942773 1773326339 93304738 1437440893 40558528 2124647273 997377327 302286351 953099552 1093635433
17
3 4 9 1 9 19 4 19 15 1 19 5 11 11 4 0 13
78
995348587 1696118587 1348032150 621191279 1789423325 637989395 661749807 1766586951 1635366722 964036159 572202855 929646303 2138134675 1716387378 386979339 679653936 1030599111 1243840408 1822076975 1827117055 369169199 309690102 1206939848 20508130 1453930248 1803109120 637609761 1864123312 979483292 836970535 656729041 1974831879 385605474 2004761191 448539510 27545151 495266938 1110289318 1794132102 2130633661 2074325477 218851310 912796316 2064976504 1935238688 1299775655 597146793 818354152 396132415 271740120 497987559 765301614 581430223 1704927408 785809744 2035360471 1360552880 1423419505 1752000135 192552524 112906392 261245529 19900755 498511866 118523072 468440266 526057018 613790011 1578729584 172705472 596940024 1505571413 391556782 1509736340 1423064269 179311823 662028347 995348587
100
2020211062 997665975 1058160762 144467535 1495653534 1823462376 725897758 1053097294 461788472 613774581 266166526 1885207977 218291068 458719050 1998114370 479536597 478619806 349142588 598059670 947060072 875199606 1211849681 378306008 1047905079 1808789705 1883877421 1439461861 1171042397 1159458042 1618773684 1833070744 1032185457 468956011 743747858 1176652992 1964609546 419726586 1902550750 870223192 881515058 368841683 1136389719 619239387 587132751 1595108769 469870109 1066669349 2073728575 819012698 1664729019 873304999 1694212304 729095052 1251611007 594633735 390401109 988004780 2034095597 1561443506 2147462823 1505385633 1247030602 1032164632 1974341645 1990778460 61333976 1791467543 263021398 1963884726 514207087 1144536456 185242761 1650596806 1763775843 772375512 1098221928 86162305 1839044861 1024466855 905175003 1356290232 1897771855 451903659 2085385284 1001899214 1046537395 328302745 1989903995 933149344 1889746251 1989883170 291051329 989293205 874564154 117909326 832588017 935898130 1909376869 1095609415 752299208
100
9 3 9 15 7 1 15 12 15 11 7 19 18 6 16 4 13 1 11 17 5 13 7 10 7 13 0 17 15 15 17 4 19 6 11 18 0 7 2 7 10 9 6 0 7 2 4 1 16 8 18 1 1 17 3 9 3 3 18 18 19 16 14 10 14 5 0 6 4 2 13 6 3 0 18 10 14 15 3 10 3 2 11 4 11 7 13 14 10 4 12 1 12 18 11 6 4 3 13 0
4
1 2 3 4
5
1 2 3 4 1
5
1 1 3 4 5
5
1 2 3 1 4
6
1 2 1 3 1 4
100
1564340485 194886058 904396539 326856220 1656278358 1489167037 1927351691 341850145 1780186852 2122108734 1423058375 2126482355 1895525828 1223688019 571995792 375569132 1351784546 330200857 1103081426 2100497796 1255502081 938347771 563619730 1807119553 1312720829 370055473 1381815332 1289283085 562697277 1086268957 808552418 2127037762 1281155015 1712948957 306410335 789949726 1054632346 86278378 1131799871 687335551 60903464 407374598 666334258 1956429293 1631062617 1238330050 184514777 835363515 1568530908 1287596203 788377664 676549341 78460326 1351997394 336185247 1391181156 1722052867 1718000579 532980593 137266496 656785888 1341533011 116820611 1937940903 906998320 423230946 580406981 1961630667 509509324 1712206852 501482570 570412788 2119581451 1167816828 379358433 1603160420 258663231 563873210 291040288 1827194139 1851469414 1079417952 356259832 1929929740 283931698 692445079 1173627248 2005984565 262962010 1706607842 2143251062 919747898 900657205 112588025 710205154 1807655526 535818971 1290612135 1621802545 1564340485
