5 1
308298381 52905615 Baixo 504022268
552567993 957601170 Esquerda 348270472
319331843 315557750 Cima 944376092
82892890 102630510 Esquerda 681363234
696025910 725228915 Direita 483124037
8 4
81568248 801173929 Direita 411195840
382962590 472366862 Baixo 510972322
503865862 706079204 Baixo 373548025
62617823 968962280 Direita 837865515
169749103 502997388 Baixo 484519021
299889831 88832506 Cima 322138467
622712091 135691792 Direita 921765281
618815828 542390213 Baixo 700384075
4 2
111579914 579043082 Cima 361877090
90015403 618548904 Esquerda 506409690
844613280 983090468 Direita 28278825
820955982 497637424 Esquerda 826895598
9 5
915728103 421822327 Direita 390956545
557514118 758220947 Esquerda 28846297
153127511 116176629 Baixo 349208003
758492810 693326637 Baixo 873175852
55203726 18266487 Cima 975676371
377192528 41370738 Direita 705080849
69649562 484755523 Esquerda 305958478
311651120 37391069 Esquerda 79895574
311729747 553010790 Cima 721760216
1 1
750606512 316875598 Cima 332353235
9 3
25679872 446851035 Cima 933399949
317633873 433209393 Cima 694826401
474580130 425392212 Esquerda 396746044
910147735 307658225 Esquerda 74315206
197565645 249894449 Baixo 361811743
802905238 477579250 Direita 819169677
113669544 834178470 Direita 718452819
19048056 654645225 Direita 44727927
101496260 23213541 Baixo 271646484
3 2
966472884 783519415 Direita 71412837
32781810 632809548 Esquerda 588002682
707124753 429153058 Cima 861335532
8 8
191431133 727053110 Esquerda 157617029
413747931 301050022 Cima 432795986
808211599 810315100 Esquerda 762224210
833528640 13200844 Esquerda 142467925
457954093 852859929 Cima 180615906
924272765 958769148 Esquerda 8376529
399288181 373066558 Direita 237185311
86918441 81010738 Cima 278349574
9 4
435966602 74328129 Baixo 164552800
507124114 857286750 Cima 837164378
619510959 660912891 Esquerda 505898004
655897167 160835666 Baixo 434400857
341451571 135547048 Baixo 7393376
143923576 644974536 Esquerda 433969514
882159847 467378373 Cima 465180229
745727946 175560449 Cima 34210899
249888577 262280510 Direita 757012690
2 1
446693420 591594570 Cima 297058640
97492573 195474357 Esquerda 308766856
7 3
444313903 875561568 Cima 440753831
520536103 892231887 Baixo 255212301
212126611 242219946 Esquerda 957854557
417780394 786114239 Cima 520185322
48394749 43345505 Cima 20478360
69493453 576407782 Esquerda 756554291
873466422 709565502 Cima 183877078
7 1
835739305 315162612 Direita 347511259
755916442 683034232 Esquerda 483156137
938246533 304386108 Direita 363671765
114757016 143156475 Baixo 106822470
515858148 50697104 Direita 645572510
71175463 72177778 Baixo 683248391
828732068 947963065 Baixo 633277066
8 1
67697276 820095799 Baixo 230195405
20123409 39774357 Esquerda 112382906
522930493 703992521 Esquerda 100822926
67664285 531526028 Baixo 69966640
490864849 612353899 Cima 493549175
257926408 191839205 Baixo 332423051
875087596 246975372 Cima 120417839
732768789 264742609 Cima 652982417
7 1
883177821 957478167 Direita 648923809
922377424 935675906 Esquerda 191662788
36498831 125613318 Cima 132994582
48096309 66570016 Baixo 168760052
412635542 855791240 Baixo 978362493
40730642 88203203 Baixo 321116757
61137394 810623005 Esquerda 2766888
4 3
523221594 51815945 Esquerda 935967007
700739754 108102417 Esquerda 758688786
152281556 613174447 Cima 875470371
598685381 932398412 Direita 49066564
3 1
904857803 166790422 Cima 945588445
107509977 115925339 Esquerda 21163722
779064695 557597269 Esquerda 95186467
5 4
147002411 971569087 Esquerda 700258516
932187855 912311177 Direita 84469411
378001975 48282108 Esquerda 829203707
980680519 459529222 Cima 786871685
666721500 635644425 Cima 557308974
8 3
525750664 552970773 Baixo 157331710
963084393 811299116 Baixo 748928487
210967670 104553291 Direita 399119582
804811806 357718132 Direita 116275459
294703894 394465436 Cima 959676378
223669143 997754437 Cima 101939413
637142474 938443450 Esquerda 443320932
495752424 23849410 Direita 21503087
3 3
31351149 392420927 Baixo 136385676
993865765 19161009 Direita 419396042
270796942 45750772 Direita 434744051
6 3
829209487 31616500 Esquerda 905394981
881887289 155732747 Esquerda 371546114
94176197 449950933 Esquerda 442444972
326316694 24392762 Direita 755653228
168770634 347815558 Direita 976963973
484201234 994456270 Direita 725140199
3 1
623407322 43482837 Direita 490466256
967817255 235908164 Cima 704344403
141303144 109002747 Direita 853670240
8 2
156137524 147932256 Esquerda 482454218
172325017 270711782 Esquerda 341095650
471043692 238697950 Cima 955244925
85670571 19217308 Cima 499522882
138655582 8825149 Direita 692837907
351807756 215855677 Direita 726406862
920200079 775081917 Esquerda 485309932
628752156 20991172 Esquerda 784889680
7 6
119860249 341248444 Cima 357967693
682344094 693115178 Direita 852920068
500876454 534852564 Cima 33777928
34375446 10792956 Baixo 282413867
556147215 246927183 Cima 189925988
825850397 270985974 Esquerda 513776357
756295905 446276412 Baixo 900891886
2 1
852251590 203542691 Cima 74323076
561510383 579799844 Esquerda 10692376
2 2
398061292 9889989 Direita 284953089
873199296 902244765 Cima 281862862
8 2
471788850 827538696 Cima 436796754
193831404 92918375 Esquerda 728598931
846326612 966755608 Direita 551094554
22814650 182261988 Esquerda 584325033
614578183 245372234 Baixo 899814445
366203291 845595051 Esquerda 373328628
130548139 635420080 Esquerda 550431446
917282942 129778044 Cima 241588143
5 5
678384896 151148142 Cima 413974412
732263424 449484455 Cima 17069661
579008 256061021 Baixo 478512988
692902405 666426182 Esquerda 140436164
418756978 942604864 Cima 33494114
2 1
668914194 296539587 Direita 438713487
426317630 840627796 Esquerda 383634368
5 1
387298861 248992403 Cima 119562285
698476857 710940010 Esquerda 551572216
819517382 40996297 Cima 512419786
559938830 606486776 Esquerda 831212160
549091639 196436219 Esquerda 717541481
1 1
14081068 95124481 Baixo 292915049
2 2
676549417 286619540 Cima 63848277
388128294 899081150 Esquerda 86605150
7 4
490693717 282054892 Direita 520778920
646991029 331043039 Cima 4879681
14771550 528873685 Baixo 879477823
98931517 71880527 Baixo 965528936
19521359 942981296 Esquerda 807789987
153165931 787509753 Cima 574553442
703874381 335054172 Cima 739801294
8 5
617392855 764869390 Baixo 388497064
138164661 717734372 Direita 117946707
722614052 586828004 Cima 776446303
466305826 598268260 Esquerda 584436817
416313547 720364540 Baixo 674757531
380670878 680584043 Cima 180113108
107653836 18658016 Baixo 581288426
610975661 641859305 Direita 80884867
1 1
469381930 397409707 Baixo 41438383
6 3
480782738 867209508 Direita 947088563
317994119 915907182 Baixo 734307665
488788073 911459843 Baixo 869458951
444560237 576365182 Direita 552214072
595023197 417255689 Esquerda 58515209
59114993 208512078 Cima 170876391
9 9
568286097 365235945 Cima 936158861
951337292 983519476 Baixo 18917645
783124391 973878838 Direita 19682474
708186503 423612899 Baixo 969768050
145588201 228218905 Cima 47676610
632949328 993672780 Cima 618968177
52187988 229079995 Direita 44104415
399956385 181745256 Direita 968242481
546981200 8139508 Direita 350834843
5 5
369752487 479816078 Cima 304577313
499498551 799900457 Cima 283157218
622184858 726294763 Direita 20834440
626487724 144325450 Cima 943936374
615809978 771727911 Esquerda 295806583
1 1
477551838 321235094 Direita 24533038
1 1
227884232 26066289 Cima 597636719
7 7
902214031 5380916 Esquerda 335436945
288538133 782283662 Cima 652430607
655634454 540735782 Baixo 522658024
484672156 117598737 Direita 510204876
413405319 962734610 Baixo 743473509
283969704 329425565 Direita 465860657
185107547 848407129 Esquerda 453591942
5 5
813790290 200774229 Esquerda 826405447
536211173 144244709 Baixo 450459231
796675315 116839913 Esquerda 298464074
492014289 328383520 Direita 638916574
838588395 829468129 Baixo 774282374
8 7
956224291 45980886 Cima 141331837
894388014 695924839 Direita 192948213
546250500 113746772 Esquerda 401957076
940152218 782449966 Baixo 401357677
85425548 195393451 Direita 929136912
493857524 862728230 Cima 909920334
501644803 948625177 Direita 955812338
575423903 17362802 Baixo 384164545
5 2
525496381 662764404 Baixo 972936511
855712616 845155511 Direita 101951409
247112586 879351851 Direita 645830722
133225879 674859625 Baixo 503939820
603996537 187598047 Esquerda 714033319
6 4
515174848 394455897 Esquerda 943115102
264335050 223107469 Direita 180195088
973571290 705292378 Baixo 124992654
530745240 551188459 Baixo 469944873
505656219 69777102 Cima 95090296
715607823 482522602 Esquerda 409348346
7 5
596946392 205646822 Cima 399497476
926476025 160703678 Baixo 455633917
103818779 58288422 Esquerda 283614776
90999861 357345379 Direita 933959352
482338032 519652393 Cima 452486195
989597266 695836733 Baixo 191410340
790927029 90387470 Esquerda 413393301
6 4
492372461 96682207 Cima 285384939
348696034 350067263 Esquerda 142649405
658217531 402423747 Direita 189475268
686038523 144454039 Direita 674945676
78413390 29158677 Baixo 268593904
334161223 889228037 Esquerda 708940871
8 1
799328340 459604021 Esquerda 299064155
825032086 366156129 Esquerda 248623324
504057419 596958746 Direita 950146035
592124502 109424469 Direita 645578680
298899736 891124656 Direita 698236733
418586683 720962459 Esquerda 465701102
989556363 914072983 Cima 806503351
475530205 140600219 Cima 274858545
8 3
426439051 425236325 Cima 674701763
673859648 863407285 Baixo 125066586
666069672 716301361 Direita 871155805
214396392 385907141 Baixo 4429109
84143873 33383494 Baixo 664055633
351600947 567464282 Cima 559046437
226483984 906175172 Cima 345894054
33550068 299850894 Baixo 459989118
4 2
987207232 103979569 Direita 111384091
229046154 932947317 Cima 316053559
656619473 894598195 Cima 271416284
751543655 786104571 Esquerda 329451574
4 4
896915855 585837874 Baixo 975916190
344529397 767610167 Cima 378079464
919977412 660898034 Esquerda 497580981
211852043 677792164 Esquerda 478729689
9 5
683123055 411677005 Baixo 999176613
68296478 921525306 Baixo 192229113
673068961 339758234 Direita 2520534
494951141 858462317 Esquerda 80789014
778942180 580385282 Direita 399068698
902195525 655914225 Esquerda 415609910
346499157 669143441 Esquerda 876807672
123220342 958707993 Esquerda 806343396
222901349 545427388 Baixo 143714178
9 6
359173671 335943291 Direita 551448257
538004884 847574891 Esquerda 248983552
452043983 127188410 Cima 32429265
405023171 426994429 Esquerda 60937395
598556889 55267402 Cima 267700330
535245706 136760574 Cima 346470050
360293554 49780418 Cima 905720941
855300425 713085576 Direita 66990448
49028866 70244343 Baixo 439550101
9 9
517354452 688533652 Baixo 497059213
716459383 959841536 Cima 995970163
599499028 815536129 Cima 654766430
928005383 714743732 Cima 917282308
105664402 388998537 Esquerda 7961171
958369935 35813153 Baixo 523971862
113519491 782768395 Baixo 36280185
253723450 865067180 Direita 771077901
553600832 734028042 Esquerda 122576566
9 6
22735847 118546728 Esquerda 690788327
565590130 653167738 Esquerda 132850214
695696224 388592368 Cima 937211112
666168228 98992138 Direita 554497732
962253733 272069260 Direita 597538479
697586339 556813759 Baixo 415169870
215945880 622339828 Esquerda 802490273
742993292 943863618 Direita 765729138
914926697 347277510 Baixo 333033179
9 9
927827524 465883392 Direita 168936243
556914358 485868934 Direita 655906495
86482683 242118553 Cima 358551942
910135775 68215057 Baixo 319465885
919476984 323824502 Baixo 394333163
145111554 190418389 Direita 88975172
539294590 755571943 Baixo 886572099
64605758 189451398 Esquerda 844949633
655334789 288191518 Cima 64765499
9 7
701506696 720671993 Direita 943625249
191348572 71611427 Cima 112079980
832782411 25743259 Baixo 9123264
413671374 278406478 Esquerda 604089762
268249284 95726340 Cima 876337578
952144560 734989153 Baixo 994112309
474522849 490925672 Direita 615230719
357327899 566728948 Esquerda 58834594
287400940 954867006 Direita 331265863
9 3
413769920 443345843 Cima 292029530
327419158 573416810 Baixo 605825635
727651626 14823369 Direita 675894318
10724072 602928848 Esquerda 745713224
248904887 474667537 Esquerda 739830558
976630986 687983143 Baixo 395876285
782307015 8509402 Esquerda 589690373
716001947 14543087 Esquerda 129771867
310405281 885495055 Baixo 637824438
9 2
832535003 96166425 Esquerda 847358372
822757694 714974158 Cima 278202893
48045738 308828370 Cima 522713275
381580794 266938337 Baixo 922080288
216613144 747736897 Cima 225122545
283530473 146594027 Baixo 150589911
467795535 923412710 Baixo 353290589
50246809 98819629 Baixo 735298164
47502405 703798644 Cima 870260099
9 4
145771681 148462991 Cima 454600050
675570770 694564517 Baixo 795025458
46425129 610777483 Esquerda 646678377
167681137 89277498 Esquerda 314275163
30401989 933315111 Esquerda 806331050
246826654 987877637 Direita 198162635
652596440 444392373 Cima 208911436
879565259 115925137 Esquerda 877853291
116904480 652051831 Esquerda 644991601
9 5
873666888 440017058 Baixo 336960722
304172010 744752556 Cima 393449507
379994108 671433373 Cima 165825570
306020422 82698896 Baixo 293898058
644309458 463331210 Direita 88701830
708996248 7922285 Esquerda 677437737
193155577 551153083 Baixo 845207407
736122775 291850168 Direita 609789662
584383577 142414285 Baixo 888555586
9 4
303908594 282005093 Cima 975341966
558372939 138019221 Cima 493588187
550671444 427776797 Baixo 14002653
79303998 79115825 Baixo 87226282
752415617 105469340 Direita 156085052
752327907 978105616 Direita 896694426
874962074 354513840 Direita 869892710
153780575 222149940 Direita 457689168
504155032 434285904 Esquerda 915044322
9 3
419426224 261148860 Cima 699719372
251562855 842011923 Esquerda 183195032
270043527 718766002 Baixo 375512866
851664211 91695699 Esquerda 682286178
836419877 877051550 Cima 190933716
210645904 132173665 Direita 432795843
594265918 654919809 Direita 881068173
940467293 704511547 Esquerda 212409868
965660407 281382567 Cima 69739613
9 1
543668959 252934644 Baixo 262434960
41061644 621467233 Direita 132757342
454340709 648901700 Direita 183908611
58666302 12627285 Direita 190839966
209857926 679866708 Cima 864777734
469333933 518690408 Cima 26361831
824580056 722687598 Esquerda 958478974
487333189 914278202 Cima 31002147
167212845 180344182 Cima 208274488
9 2
112568980 193548182 Cima 761470679
15241751 292577085 Esquerda 880385388
539647950 863493298 Esquerda 219514657
501115533 660053751 Esquerda 872322292
170331481 567726772 Cima 893019078
264781712 507897672 Direita 179059913
294803839 263870765 Direita 475148020
409824223 407063597 Direita 522393202
453128130 90660613 Esquerda 320886233
9 3
956517213 53787972 Cima 820010510
996547636 994916655 Direita 656601386
388797948 45964685 Direita 956524719
447899735 572468296 Direita 955797407
952820561 252882695 Esquerda 69207677
451671804 578265616 Cima 711251752
560257754 1425101 Direita 503434718
137805333 485266114 Direita 94322545
539054085 514590764 Direita 388118072
9 5
940491800 44719458 Direita 838972836
724168675 559862788 Cima 149153322
633685569 95186329 Cima 739084615
50820277 23697911 Direita 629085892
502729810 754524522 Esquerda 504154910
918904403 545294714 Direita 256686868
136999832 588799138 Baixo 651590595
355648543 36375375 Esquerda 148656694
933611184 469468786 Direita 510296211
9 8
979534804 659449532 Direita 927237484
613939766 107134460 Baixo 637637677
150407230 459660003 Direita 904931751
501520000 497038747 Esquerda 899331065
138998988 933039372 Baixo 580314477
433813027 540437843 Cima 470188401
406568559 937136065 Esquerda 876037345
777281946 766612147 Esquerda 609333101
426061678 125935114 Baixo 40001444
9 4
367144695 530155472 Cima 826804697
670522957 140924905 Baixo 20078055
817277409 80172113 Direita 602833132
116503008 591907870 Direita 509457202
380387240 359350910 Esquerda 317523304
615666846 644579457 Esquerda 382278992
254981077 556654701 Direita 233432543
945741636 553374817 Baixo 312886330
83530288 702495270 Cima 606569596
9 6
173048426 626647650 Direita 253220538
638241043 116047065 Direita 230148912
152693222 731697099 Cima 512044131
500239211 780575807 Esquerda 997335019
727897407 362506320 Baixo 137068460
23363341 338264990 Cima 429254509
804767105 248212777 Baixo 359778726
240420155 119354391 Cima 413468580
598518392 716412832 Direita 236759434
9 9
741445367 319424697 Esquerda 325658817
929960848 349713599 Baixo 563053006
329940927 675749398 Baixo 544963599
780581845 280535223 Cima 118846834
215861670 850097800 Direita 316590798
215398947 135909015 Baixo 187269690
191624265 822995883 Esquerda 908037096
342201352 22547515 Cima 936163070
194488563 430682811 Cima 124449410
9 3
792752618 540018767 Baixo 321018367
683485531 507817286 Baixo 964020753
928660577 72963397 Direita 631274728
701610039 348989571 Direita 690035405
758516874 33943363 Direita 581512757
819731444 494729469 Baixo 694795310
87742812 712393530 Baixo 518425622
826731768 866249634 Cima 472000737
258784752 114192071 Cima 942270282
9 7
747135666 758807387 Baixo 672615415
791206160 886977363 Esquerda 992712083
586167389 916777209 Baixo 620110751
503469582 185258064 Direita 998199051
961488524 839670207 Direita 526398405
581470431 456883835 Baixo 300236416
460738570 677647260 Cima 427446992
323182714 501291449 Cima 70318380
112615187 10191687 Direita 903821346
9 8
969675598 749049780 Esquerda 738969158
352795088 808479892 Baixo 538053151
100838437 93154142 Direita 793024996
31612355 730972782 Direita 341012541
936619305 674731841 Direita 466782916
86269359 229198101 Direita 587560807
983687152 712800361 Esquerda 993878838
308250506 456513691 Direita 130442455
58079822 931933379 Baixo 410874909
9 1
964366703 948928060 Direita 910037196
153502437 339309405 Direita 884475219
566321182 135178443 Cima 93569374
936929552 992910143 Esquerda 18644005
635392124 767399539 Baixo 348192484
320091884 848726345 Esquerda 629121926
444806934 786885443 Cima 229256664
508813406 98076656 Esquerda 325696461
899521067 220987047 Baixo 53023503
9 3
29899558 790015073 Esquerda 17594352
316142300 72703358 Cima 161568794
252542090 973167907 Esquerda 19941629
975499062 145153400 Baixo 676741758
654112740 821671789 Baixo 293514534
361389887 203321707 Cima 459466542
878024344 980540751 Baixo 99011390
68790759 117043815 Baixo 951206668
907058887 490958176 Cima 75717538
9 3
775841273 237286331 Cima 749009180
34247247 688661603 Esquerda 31916998
881211466 106282703 Esquerda 555399606
80347746 684576974 Esquerda 283669452
339421265 228772386 Cima 172478367
440276346 113221536 Esquerda 557320160
625045728 897508496 Direita 116003903
718825866 245129288 Baixo 494667139
482415618 348385411 Direita 369179217
9 9
525733614 253612566 Cima 632016316
644675007 178690788 Esquerda 329251980
947996632 996033513 Baixo 29285370
10243659 693667963 Cima 975981547
639969791 879398226 Direita 537478287
48809975 422063880 Baixo 293939262
954245668 603487642 Baixo 155147430
552196663 998050448 Direita 77930277
104179365 815485624 Baixo 748854371
9 7
274827005 78106351 Cima 123376869
451812298 823974764 Cima 145480260
146052830 962118425 Cima 25451055
415662050 27961041 Direita 837725930
136781544 220716643 Esquerda 740269186
997071522 799635378 Baixo 847638321
844346171 222912476 Direita 512348147
785375420 700672056 Direita 60202424
631294758 6246656 Baixo 83107056
9 4
169716170 81103667 Esquerda 131834595
571586421 706758008 Baixo 599547461
633535389 90255277 Esquerda 854252031
734743225 329114542 Esquerda 386894954
474096741 403994577 Esquerda 697009217
355812262 743589271 Baixo 909000670
955146532 395103411 Cima 961393187
431199054 328435186 Direita 600915223
262055205 177954263 Esquerda 833641625
9 4
837795517 433189086 Direita 928050793
22034442 77532392 Direita 351148983
633888648 902205323 Cima 37883225
985962799 374771291 Direita 582068421
709672278 155212507 Baixo 104775688
548024286 351124491 Esquerda 876459471
847771800 989406316 Cima 25726062
427188836 824672652 Cima 117500704
110378089 986235044 Esquerda 132412530
9 8
413378218 483561512 Cima 168099892
308807234 588055659 Cima 683578525
834267497 588647463 Direita 841996355
125862415 203059194 Baixo 329503257
591550286 118996463 Baixo 433472953
110027489 908033822 Esquerda 787216492
523504856 978162492 Baixo 509739900
876230340 30007109 Cima 142124909
513568620 976196121 Esquerda 674892206
9 3
169320195 210987082 Baixo 757967657
456754235 945548334 Cima 659813428
40601678 65849679 Direita 12114492
948157439 684836666 Baixo 856191260
398014806 761874824 Cima 228693650
659469403 741952366 Esquerda 541992864
20492404 99565250 Cima 849204877
114822754 582970040 Baixo 284142948
793957121 222041339 Baixo 250711356
9 7
778457027 910524783 Esquerda 696823057
14404848 72822192 Cima 551757866
47480524 206204458 Cima 809355347
438416925 30982672 Esquerda 32885642
988423013 863333964 Direita 940504614
771411799 902582922 Cima 206898190
21072281 191986666 Cima 95629971
234097269 104083018 Direita 865070647
14607800 28960047 Baixo 881529000
9 7
911906902 433286865 Esquerda 118111360
235575887 663650811 Baixo 119074911
984991912 589413925 Cima 700842227
495308322 900518888 Esquerda 250407595
808362606 531668567 Cima 349271
385040229 219626197 Cima 489123246
187878543 952033538 Esquerda 69354941
218959945 237776396 Direita 130866846
523579612 25432643 Esquerda 759155499
9 2
658022840 878230409 Baixo 99953117
838244683 79950295 Direita 591279922
257237023 845669033 Cima 788905589
969665259 105024501 Esquerda 41807808
44503743 515585414 Direita 996537280
871832811 151557642 Baixo 109609206
175211171 198880422 Direita 200643813
300374978 97377020 Direita 810914170
975607428 121351685 Direita 666368462
9 6
358645075 110164735 Direita 56830459
214839965 99960942 Direita 319864465
126423111 920819877 Cima 642008524
3022578 213421839 Direita 7096571
281435414 328483244 Esquerda 332832187
814188413 382951554 Esquerda 911565432
125195171 296637686 Cima 99063207
60021323 258574024 Direita 418666397
368738758 611420539 Baixo 583578722
9 7
207025277 755959538 Direita 980361505
120327744 184845818 Direita 186265934
551203503 842997004 Baixo 879686746
25304744 653049886 Direita 260772649
138773402 457956941 Cima 435411087
197646151 337547378 Esquerda 456220174
637912563 914098806 Cima 101849453
94628365 113570356 Baixo 301653641
869529893 356068226 Esquerda 842373989
9 3
970431930 28639922 Esquerda 813428933
201373973 971804291 Baixo 854423859
518195800 952022677 Baixo 976152741
190506847 428608347 Cima 528054224
924040755 335051769 Direita 690655912
12527051 120332590 Baixo 126097407
786079874 939454268 Cima 142148099
73985764 690517639 Esquerda 44417693
571673913 627696037 Esquerda 773047885
9 4
254129357 627471743 Cima 206152033
473185355 798881571 Cima 901793701
677713165 777229455 Cima 12764933
648228944 221523071 Baixo 768561534
859323698 3905742 Cima 798777966
852049392 549305857 Esquerda 542567031
84884349 622214126 Cima 712580385
185093454 739805179 Baixo 439222810
219793274 987325894 Direita 692978628
9 9
894550073 447288680 Baixo 524295879
125639486 181718265 Direita 199678908
59526600 793602707 Direita 63432341
53276817 710296923 Baixo 602582673
288093355 163081466 Esquerda 910307480
129838760 105080110 Direita 869643939
122193525 534623743 Baixo 109519418
32514937 782415839 Esquerda 779581361
82220870 769712916 Cima 60376707
9 5
181434764 260055615 Cima 975037471
171574572 779422823 Cima 734387846
399937259 483413312 Baixo 563018724
23396684 932788680 Baixo 128476793
880705965 562501422 Esquerda 267846059
504454985 65222438 Cima 139387175
665982022 79942355 Baixo 288211290
88852297 281984750 Esquerda 270287061
542040364 808149304 Cima 566131287
9 8
126155169 300519132 Baixo 462084832
175516684 255560812 Baixo 108305363
948418295 318991012 Cima 363436068
422177681 109373737 Baixo 487400118
262251084 7278226 Baixo 194709790
228886269 146626133 Cima 510871018
91301305 553849147 Direita 899450608
651690029 471559020 Direita 630361549
624594504 884597525 Esquerda 800111187
9 5
282960600 760932901 Direita 454467963
602460579 304529049 Cima 564350667
172420100 216562113 Direita 32214677
74976956 21311540 Esquerda 221603088
304873626 624488315 Baixo 858722772
529916048 64871352 Baixo 853991419
256926789 993290700 Direita 141524313
938253432 131213460 Esquerda 73730383
892146360 75291982 Direita 347123290
9 8
257360340 911473957 Direita 473922452
738075706 436972159 Cima 611903597
698073103 770502494 Direita 175077769
83406886 628016345 Baixo 794589
990945496 411501587 Esquerda 836752548
890087508 251762041 Cima 21300968
238477393 848736362 Cima 313769375
229451059 113086969 Esquerda 486811398
24560925 950864238 Direita 615152982
9 9
362149608 79572931 Cima 985168454
996350152 113503619 Cima 476882849
671013787 921886279 Baixo 82515373
32124007 9613595 Baixo 283886047
784619574 698936551 Baixo 485872287
464900230 688649166 Esquerda 430503550
234755922 54651094 Direita 38136511
15384943 922733807 Cima 230050903
2306737 216915109 Baixo 851173241
9 9
988827398 180572441 Esquerda 910713676
353433488 936464237 Direita 363047083
761583469 79240080 Baixo 313036371
454119871 486055294 Baixo 142769036
53894990 60956501 Esquerda 108546083
368537326 268177820 Direita 143787485
694150726 59014632 Esquerda 911065834
126750339 849783813 Baixo 115577736
882872605 947949777 Cima 236306093
9 7
674161796 599353175 Esquerda 753401875
599536182 811550204 Direita 938107827
442003155 202807133 Baixo 502959656
432848442 953065250 Esquerda 701026261
929512627 15284465 Direita 988527258
13895038 11275523 Baixo 716195202
105276434 83371683 Cima 905742562
962179445 687890251 Cima 488857592
139759777 141186759 Cima 591812310
9 5
154813916 529920136 Esquerda 357621048
374439303 455248828 Esquerda 180020904
179262160 196528453 Cima 47062977
444221790 950577140 Direita 308013664
918371088 629669567 Direita 854259122
81253725 171549011 Cima 621660327
814221937 157812510 Cima 807925048
252588328 205748764 Esquerda 407402243
588185251 417983885 Cima 962624553
9 8
260525483 142645457 Baixo 457053936
104695339 99557848 Esquerda 907788830
13032213 61805741 Esquerda 495218131
327612190 385451743 Baixo 351677552
54406661 50648534 Esquerda 64735522
517101341 826340888 Direita 722850104
144551952 577242444 Cima 562535837
194782086 126176259 Baixo 307823921
121338067 340779771 Baixo 78549757
9 9
371186284 838854939 Direita 432992024
370047559 801104313 Esquerda 755499301
82608872 964798117 Esquerda 133257405
983213957 727157835 Esquerda 662071196
44481684 78241553 Cima 474240479
241793259 221675335 Esquerda 220485869
509960235 976846485 Baixo 703256357
594240692 125406396 Cima 965426975
964261334 154512860 Cima 186825245
9 8
864055915 794840897 Cima 681370383
457263210 23999800 Cima 36937396
379391248 179171886 Cima 457632800
985795033 408175909 Direita 59986719
77198473 919911927 Esquerda 906561309
114252214 125719662 Baixo 239658609
121829988 171261679 Cima 128859199
274713381 95777891 Cima 138769295
890618787 975218765 Direita 200398348
9 9
189756720 237335743 Baixo 368928606
171271173 541275315 Direita 579447082
240701373 267226708 Direita 13129651
689690013 268239567 Baixo 667926026
621557918 219556824 Esquerda 645335948
275993118 771131563 Baixo 371771008
708124285 911334975 Cima 535859402
583991004 315304494 Esquerda 773747723
552640237 323753184 Baixo 723911409
9 6
202432669 303358490 Cima 469659377
812520396 118859521 Esquerda 80759962
98757736 679791766 Cima 318314559
174580482 52686531 Esquerda 945712044
972735858 818595036 Esquerda 884070832
933501182 42212082 Cima 101322028
282322750 946842262 Baixo 606075934
942034941 377873672 Baixo 144467610
533748514 429350654 Direita 198785261
9 6
478509078 132061574 Esquerda 10817195
686895804 670315171 Baixo 739582334
117139199 131109719 Baixo 788250587
637462399 301421727 Baixo 679674480
621999914 675590147 Direita 421358527
182068762 420589515 Cima 559942434
891693946 360377428 Cima 173560951
827020765 144992559 Baixo 158046194
277054132 778804440 Baixo 963949935
9 8
206777415 556048621 Esquerda 190403486
120883164 59542099 Baixo 274821242
486326570 360056716 Cima 14433069
174570297 170696033 Direita 595159811
534089500 608960615 Baixo 894466927
555167913 365447410 Baixo 700160471
792251237 732050237 Direita 571055676
900913625 793680889 Esquerda 107691039
202245861 143983149 Baixo 175645376
9 5
978476760 450466617 Esquerda 191049827
199804124 261833941 Cima 370500156
458335770 813296285 Cima 67296385
5182744 651572934 Esquerda 370630153
78093329 175141120 Esquerda 810143565
4872073 586453416 Esquerda 798552961
311661404 523780932 Esquerda 308160905
674391807 176444196 Cima 505384918
626910813 464119727 Baixo 826714936
9 5
914571218 49731443 Esquerda 580383854
954321098 104102173 Esquerda 458410383
431599173 808713101 Cima 606740292
824110841 199163627 Esquerda 263080608
762737168 262681677 Baixo 286518099
263480498 735419268 Esquerda 292441045
804654474 318811175 Esquerda 268774201
15245918 598583144 Cima 782333488
648314587 31533655 Esquerda 455152036
9 6
653316642 766078770 Baixo 314546094
155098832 879007995 Cima 354262458
343136711 106770246 Esquerda 605818388
534028609 256034075 Esquerda 121964228
69460332 14256281 Direita 388271506
786124490 47909254 Cima 237223985
42637120 38367262 Cima 926687127
106117307 193206958 Esquerda 611950300
959285727 39623360 Esquerda 114384558
9 6
770186031 321163368 Esquerda 876956277
438162992 425135508 Esquerda 694197067
146950744 532949113 Direita 13723377
312084166 4445255 Direita 359993419
260479029 37071850 Direita 151362643
775126773 34350368 Esquerda 968333730
801706025 869430248 Esquerda 693845736
648442992 747036718 Direita 271145375
68200085 136826915 Cima 358879429
9 1
411602887 905592847 Direita 944551999
521766596 722636542 Baixo 526211850
375000759 469145934 Direita 412072608
724292824 938053520 Baixo 758643191
48049820 8049462 Cima 917480067
640701622 106711303 Cima 240254691
276737448 689584785 Baixo 413564362
690202787 372366908 Baixo 101805673
277959754 536956301 Baixo 799726349
9 2
8026539 178454550 Baixo 477172473
965145427 751698911 Baixo 903198947
791414643 812624838 Direita 651980456
225490405 721245185 Esquerda 184718059
992200947 385453119 Direita 534302083
398940598 727536220 Esquerda 771307505
555579355 178826893 Direita 945052007
77700916 701509958 Baixo 85727455
879964507 396787503 Cima 697626286
9 3
469397926 453341584 Cima 134539115
257106701 444397862 Cima 978351885
589596290 397263929 Cima 827565761
711235787 357371265 Direita 291288358
434392485 997813863 Baixo 613219378
899597472 644436070 Esquerda 453623782
554113621 629164099 Baixo 950901123
897096729 883730925 Cima 219011006
189588860 596837646 Esquerda 446695561
9 2
713579639 277563797 Esquerda 110843568
100632980 163430261 Direita 310520596
389936618 965884063 Esquerda 240266832
665268126 358132458 Baixo 309704195
901569102 298520789 Cima 383249553
484625428 667235289 Esquerda 220872705
471655527 499357287 Baixo 68493172
852907407 857157124 Cima 419003397
134720921 298109531 Baixo 87870252
9 1
56959021 398390847 Baixo 875359435
143303927 944259592 Baixo 353952736
789156599 702848106 Direita 87677387
419182272 491287742 Direita 86417560
771634022 645691870 Cima 123507660
908669786 331598962 Direita 618343261
146360344 100451167 Esquerda 296986226
482814482 693450784 Baixo 392289855
944357983 315035128 Esquerda 940178261
9 3
660793201 146647349 Esquerda 216157658
254685538 988645055 Direita 745973279
265980572 574273841 Baixo 911672442
984863279 493631312 Cima 168978593
175079081 291201839 Baixo 275530247
896782372 464841514 Esquerda 442749507
75883881 3150935 Esquerda 390919008
123316575 179802102 Direita 636626127
326449450 403697746 Esquerda 581134987
9 5
488123714 179624617 Baixo 62397554
549748268 275028517 Esquerda 43379579
947887095 921272129 Baixo 91605285
89127416 346505258 Baixo 553968929
104849986 136169867 Direita 960517272
375793707 20771817 Cima 555595808
376018247 572976325 Esquerda 779715992
425760109 168212947 Baixo 766400174
347837563 240447571 Baixo 897585831
9 8
433607616 793481761 Esquerda 354879744
864456772 260001169 Cima 210962030
100905177 850492440 Cima 237075043
332861601 128845639 Esquerda 206149769
65195837 20980909 Cima 490688513
755542517 214400359 Direita 923755464
91491854 535365147 Direita 184455776
216679226 21695208 Direita 650286841
815176969 868327746 Baixo 532150092
9 3
154206447 743112121 Direita 857215238
763956840 318825484 Direita 745318830
784210585 248742958 Direita 805191493
683427325 153719530 Esquerda 897827683
922684503 189522176 Baixo 458049650
313631554 26291663 Cima 187843113
578739876 30048420 Esquerda 299583973
887731355 387686525 Direita 41937801
130798645 509663328 Direita 747271836
9 3
794262579 492590665 Cima 43005537
8138034 122923591 Esquerda 161857564
388690304 329293247 Direita 578212479
23645486 395108067 Baixo 49937148
922353294 932203497 Cima 952401713
787739929 780777347 Cima 175426453
61206584 587103572 Direita 423386263
338772961 906013285 Direita 133035540
251120302 422123524 Baixo 259258335
9 6
460022992 273632250 Direita 789316238
210690668 364466248 Cima 605798734
108826632 715415222 Cima 893546480
49124948 185586443 Baixo 829902294
878235862 709229213 Esquerda 317855785
867970662 167011492 Esquerda 626500298
123919269 642180636 Cima 546042792
523254415 989395286 Direita 983277406
115543887 877343675 Cima 326234554
9 3
438071717 932033288 Direita 6003290
165218018 949215737 Esquerda 203320813
483018496 885030530 Direita 44764060
481172111 251928810 Esquerda 648183602
908557554 391751371 Direita 403254542
121888321 170662013 Baixo 963799958
114268271 614819066 Esquerda 991611945
239929060 258094750 Cima 530517129
42644389 994123828 Direita 207862407
9 2
591648655 411183219 Baixo 329195536
345256244 176154823 Direita 597185053
941405896 311067599 Direita 185673618
83170468 614029851 Direita 106348833
393055159 123878248 Cima 7874224
55738444 64745399 Cima 166349545
3199970 630836763 Direita 849840149
19873533 416856340 Esquerda 611522187
680555910 629603180 Direita 25812153
9 8
751085368 475513557 Esquerda 62152966
686288866 785353866 Direita 300318717
945432156 104188618 Cima 921826755
177322072 406280802 Direita 242067470
506600436 996431094 Cima 989953551
57941379 95107588 Cima 474797718
445836356 621349269 Cima 75439535
414583342 33682131 Baixo 18185061
361712039 38426841 Cima 48000905
9 6
930694164 200835973 Esquerda 887399133
746726199 396072319 Baixo 5523352
78670220 159305025 Cima 927617666
404572464 354593689 Baixo 352196403
364420771 312873114 Direita 838286391
320743092 725988644 Esquerda 206941575
164735235 271054793 Esquerda 203162075
203909171 469170869 Esquerda 987119686
522523193 501188345 Direita 121765743
9 3
644272725 127289094 Cima 803577750
639412881 608581252 Esquerda 994006569
594140296 412862967 Baixo 907013409
63412076 49230082 Baixo 641917071
154616166 287214426 Esquerda 278187311
855868039 9814380 Esquerda 177555259
889273512 321732519 Baixo 242978208
48767688 821844194 Cima 693040413
949133288 673718810 Direita 441062520
9 5
409801078 287585440 Baixo 822664044
351045483 488486468 Cima 252791917
568759320 380509541 Direita 855973745
39678197 685595392 Cima 49492576
20208225 741913394 Cima 341940743
294508197 34260647 Direita 968868742
27015869 936265194 Esquerda 700734678
137916059 64097252 Cima 547717136
351682692 564507798 Cima 702728174
9 9
961490001 955520090 Esquerda 194515893
215444524 330243681 Direita 753556267
894601816 283686665 Cima 489031561
74969104 968221585 Esquerda 109229750
211446367 604924850 Direita 227912
227959583 689496648 Cima 292056834
377564090 685861106 Esquerda 942071887
908758637 198984051 Baixo 722764989
7020492 174368792 Direita 74981367
9 6
151474971 828537634 Baixo 287677987
454818476 593278552 Direita 423040061
229334660 324393191 Cima 686775861
313155161 487230690 Cima 2651808
477891012 206792277 Esquerda 16268470
703048153 27320487 Direita 902032203
874902991 500308446 Cima 49271782
417589327 836550413 Direita 421580649
665088046 510647597 Baixo 119906522
9 8
71905725 395462934 Cima 248815268
882465712 872553020 Baixo 222212753
787288462 417138587 Esquerda 846597090
649870835 716372234 Cima 677191321
493915691 304193797 Cima 994224136
65762843 306398797 Cima 754829608
712799402 685910463 Esquerda 75963351
247685450 244856878 Direita 172107527
640319811 365666657 Direita 375301874
9 8
982893221 450030979 Esquerda 400031807
2651095 577137931 Esquerda 719023328
126783173 579610313 Direita 283493321
984220976 912195857 Baixo 290619772
29042023 956602123 Esquerda 714952486
81552479 931898875 Cima 326409357
111788373 134745461 Cima 329971381
408184606 194547393 Baixo 391077826
644578371 151248248 Baixo 647229465
9 6
546044976 218769144 Direita 125655289
136740865 843695375 Baixo 48936721
45467890 253012387 Baixo 854586364
108947911 645447581 Direita 893363138
460601867 115064550 Direita 447863680
81793717 40155594 Esquerda 128857461
460863001 99642463 Cima 464627600
743268446 125697999 Direita 289313422
344467142 753215831 Direita 481208006
9 2
229877677 382661078 Direita 482890063
460639821 54514513 Esquerda 106087401
990653355 190233814 Baixo 105717904
47901675 867069299 Baixo 88057268
723117583 21401784 Baixo 822760045
647353966 866064220 Cima 773051964
911594349 707858264 Esquerda 517326531
975343325 303759814 Baixo 57737353
686420892 314165885 Cima 147060712
9 7
837498091 105664465 Baixo 27731905
377386436 170084359 Cima 244455734
62628683 16207199 Baixo 84030466
417643818 495366065 Baixo 136224389
913910907 209469099 Esquerda 474285522
32020908 565145268 Direita 335780721
384415707 359882550 Baixo 698581591
900509964 21778676 Baixo 590524406
979959492 131628443 Direita 357345927
9 7
546406241 454318012 Baixo 415129791
274407679 5921005 Baixo 769773743
589821788 968997997 Esquerda 651807239
869333085 10486522 Direita 286994704
312631719 19608866 Direita 672514268
41810478 222508353 Cima 916105505
142286692 16064989 Baixo 126431487
486837650 105927274 Baixo 885760242
560245285 202551179 Baixo 687169315
9 8
986179992 309459410 Cima 807694340
845660410 302617561 Baixo 856146932
986445706 964022128 Direita 6054571
487948889 546325622 Baixo 710457241
971866204 669003256 Esquerda 840447544
417584603 831691771 Direita 523511876
964868762 65561787 Baixo 167419940
218968171 623442827 Direita 57664514
932902236 26702444 Esquerda 631078997
9 6
394902628 339742280 Esquerda 211441107
361037282 26852984 Baixo 907362903
927234383 409847236 Direita 448753991
115107520 424709354 Esquerda 946799290
457027251 242366821 Cima 375105389
178640332 931604342 Cima 654599510
160012816 651738072 Esquerda 39231611
369613276 71097094 Cima 764515904
410839373 536833675 Direita 624393006
9 9
675347005 384272260 Esquerda 937710593
116017718 792191383 Baixo 393243423
511046327 852133754 Esquerda 753413147
468834508 77892413 Cima 252955202
671965972 439169340 Esquerda 176220395
879187437 452199627 Cima 950284530
673267593 162865926 Direita 62617620
138822935 838033260 Esquerda 666686292
74821871 822258021 Baixo 43355940
9 8
509731347 436599362 Direita 214381452
139386386 731425228 Baixo 217278799
515995058 936171161 Direita 955164398
201655529 917981516 Direita 506371507
316331538 489669067 Baixo 479197463
703309320 242256719 Direita 393858931
721077347 137223041 Direita 543335368
594136276 512036741 Direita 103867622
801152455 840829555 Direita 940538840
9 7
706497737 10333990 Baixo 495185249
752095111 748446941 Esquerda 522592979
287831478 55728635 Baixo 777500544
235367734 23154683 Baixo 330140804
493691432 727185146 Cima 630914472
48382299 447069870 Cima 412935392
309887343 33951072 Direita 150716898
204716497 7143037 Baixo 911214233
17477027 368770575 Esquerda 622088489
9 5
955756609 997197819 Esquerda 11485244
688638687 35065889 Esquerda 711793369
220908456 429510133 Baixo 948093601
333244635 688915623 Baixo 780314504
766482721 261927643 Direita 800433792
328531840 93435095 Esquerda 335674876
668923126 621397225 Direita 890210053
880313058 680273095 Baixo 688586018
677470913 970025616 Esquerda 218625951
9 7
651956942 782935671 Cima 933983426
840936822 879126264 Baixo 382368796
728118515 47542563 Baixo 842562509
990260760 801801660 Baixo 83695855
511984652 359285575 Baixo 133381876
564953829 495345384 Esquerda 97743275
207805655 554797303 Cima 30347623
107384915 846356490 Direita 611858208
629292160 966471789 Esquerda 322745334
9 1
665586044 705114129 Direita 565644958
706481997 121311778 Direita 360800008
144922477 492117924 Cima 504208051
97253255 6166534 Cima 445114991
872377819 19421505 Esquerda 279691473
794635692 683268267 Cima 493508533
423740097 998934595 Baixo 242728237
397292579 298062377 Baixo 62878623
3176506 219591909 Baixo 709658502
9 3
36945649 70458509 Direita 381579924
795759519 842550564 Cima 654442404
764228795 923948169 Direita 783650299
429385165 659028046 Direita 965169784
46104433 924310874 Baixo 897555379
899627918 631638116 Esquerda 197690294
424997107 62759283 Cima 644589015
543799215 763041652 Baixo 433261215
686016512 28867917 Cima 334292382
9 5
146190669 988734786 Direita 922655189
368071359 271813925 Esquerda 27099405
702616266 169726488 Esquerda 626927140
411152719 675791919 Esquerda 42790834
675672579 576761702 Baixo 738431862
630144853 964893306 Baixo 245702856
655418709 420524994 Baixo 684286625
87882484 118528101 Esquerda 234073152
107262886 43868730 Baixo 327850597
9 4
213801397 207466353 Baixo 383527884
985702893 350258763 Cima 514011163
729330171 689987788 Esquerda 158608224
10292080 780631954 Baixo 827701737
915379381 886972284 Direita 188420727
671208003 872439774 Direita 642252455
280661230 510376362 Esquerda 177046312
519621053 929882289 Esquerda 733422449
989864993 68576940 Esquerda 975567885
9 2
616663639 342095399 Baixo 159167778
531779139 306774096 Esquerda 164927445
948043523 849677946 Esquerda 835015806
37831095 121243903 Baixo 910270868
397547113 992615 Direita 907923474
455540659 73011113 Direita 237939299
418256429 865999679 Cima 486833369
835466363 55888527 Direita 304646353
397983925 906351294 Direita 782279415
9 7
485790339 947206859 Cima 187984636
880030036 701217421 Direita 1273938
59957580 988602949 Direita 913466546
32051398 159260875 Baixo 105062510
291838105 459462854 Cima 157837783
687267144 715185011 Esquerda 595672022
473370432 150466849 Direita 379721725
614280978 628451713 Esquerda 100071316
575658571 311565080 Cima 308204958
9 8
366388032 309478896 Cima 207507333
560816297 691239329 Direita 720077172
912762884 49653944 Baixo 372225738
425489234 22269410 Esquerda 140674244
868089906 507681255 Cima 871073106
353853552 846282752 Cima 982305264
144162568 290458103 Cima 455727647
431030405 718685144 Direita 797418437
880680391 246282929 Esquerda 441496688
9 7
97000850 14090211 Baixo 146654793
878521838 75027229 Direita 900791247
839552814 417850973 Baixo 199750420
884412000 344986961 Cima 583211103
682857395 388425587 Direita 973315497
651422125 35617669 Direita 222623620
209160518 54280690 Cima 455443446
911722810 397317050 Direita 861240011
411407260 948283546 Baixo 142445449
9 2
137587885 43236695 Cima 555438858
517150550 767646710 Esquerda 862137510
173767033 728094663 Baixo 562192619
307984684 370826753 Cima 196118704
627689006 288754714 Direita 681969695
392058724 713239019 Baixo 789375773
958721073 307448866 Baixo 759520970
20376373 195744832 Cima 157964258
91497878 55760738 Cima 461164779
9 4
1 1 Direita 1000000000
2 1 Direita 990000000
3 1 Direita 980000000
4 1 Direita 980000000
5 100 Cima 970000000
5 101 Cima 960000000
5 101 Cima 950000000
5 102 Cima 940000000
5 103 Cima 930000000
4 2
1 1 Direita 99
2 1 Direita 100
3 2 Cima 100
3 3 Cima 99
4 3
1 1 Direita 50
2 1 Baixo 50
3 2 Direita 50
2 3 Baixo 50
4 1
1 1 Direita 50
2 1 Baixo 50
3 2 Direita 50
2 3 Baixo 50
4 1
1 1 Direita 200
2 1 Baixo 50
3 2 Direita 50
2 3 Baixo 50