2
16 14
53 96

1
54

2
35 39
46 74

5
66 29 28 45 92
81 26 59 29 38
41 69 93 86 31
55 66 47 59 34
12 11 29 55 64

2
90 55
48 15

1
65

2
71 61
87 51

5
45 79 24 85 99
68 22 82 74 40
80 33 73 91 95
53 46 11 55 87
65 55 1 8 71

3
78 84 30
81 69 26
11 44 62

1
11

2
43 37
22 74

8
46 64 15 50 61 25 57 99
41 63 100 48 33 95 78 68
76 10 89 1 20 32 14 81
95 96 75 31 70 48 51 67
12 65 17 24 90 73 75 82
35 74 82 19 20 59 39 47
68 27 47 39 58 12 20 4
7 94 86 28 42 36 95 5

2
11 80
94 35

3
75 21 79
56 91 98
66 29 44

4
55 42 24 65
53 95 20 12
88 6 39 81
93 85 37 45

6
17 38 33 22 13 53
1 20 96 50 86 76
46 70 83 39 93 47
44 87 18 7 27 23
97 7 16 82 96 12
80 64 50 13 85 14

6
37 33 64 39 18 40
36 40 22 74 32 20
69 71 37 75 97 12
24 55 27 5 50 38
36 65 39 48 50 52
65 38 37 28 76 6

8
11 45 92 85 77 11 5 99
100 32 95 11 55 1 89 11
3 26 46 67 17 46 68 20
62 6 56 41 81 62 60 92
6 51 28 34 14 84 32 13
15 78 23 69 79 11 31 33
88 77 99 4 74 19 24 35
24 31 75 4 92 34 47 50

6
26 83 50 10 67 62
24 44 84 45 22 46
75 54 33 3 5 89
76 23 64 10 46 94
37 1 38 22 100 39
58 25 73 7 34 39

9
10 83 55 6 56 100 80 10 85
35 66 25 62 40 88 24 37 33
60 89 22 81 88 60 39 13 33
97 98 23 17 59 5 23 64 61
23 96 22 59 30 87 83 91 78
70 66 14 54 25 2 76 6 42
87 96 54 71 92 3 94 60 14
98 83 77 58 57 72 31 15 53
17 49 96 46 70 61 59 23 86

2
50 43
54 37

9
59 59 33 61 52 93 74 2 27
3 11 35 26 42 49 79 10 49
26 56 18 86 66 40 23 78 42
17 31 30 6 89 88 39 2 92
83 27 93 9 81 3 43 7 44
43 37 6 91 62 61 60 99 26
99 22 56 92 38 86 21 96 27
9 34 28 100 16 6 92 76 87
46 70 45 42 12 81 47 54 42

8
13 40 36 63 13 91 55 3
29 75 98 55 35 31 34 86
98 39 29 73 77 75 42 21
68 5 1 66 58 94 24 22
86 11 84 98 2 90 100 30
17 49 36 51 31 69 89 28
59 17 52 88 91 45 8 10
49 61 75 58 54 50 31 91

0

6
89 14 56 40 95 72
89 30 75 19 50 63
99 8 79 2 47 22
47 7 83 47 67 58
57 72 7 87 63 19
53 3 32 61 42 26

3
82 55 58
53 56 72
3 16 3

3
62 76 2
68 58 49
34 15 57

7
74 95 72 44 100 74 76
60 67 1 43 1 8 53
53 63 24 55 30 78 10
92 53 12 59 11 12 45
77 68 54 2 62 25 46
13 50 21 72 16 73 67
16 32 19 20 47 94 26

5
72 36 67 24 47
78 86 10 74 63
77 27 16 90 51
61 55 100 33 26
67 6 44 83 89

1
54

4
8 80 63 31
67 81 54 65
58 92 74 83
54 2 9 69

2
11 82
97 10

3
75 29 71
18 63 60
32 16 46

8
95 60 69 13 41 74 77 50
65 50 33 70 51 41 91 94
52 72 42 13 37 16 41 8
34 55 19 65 71 16 3 17
76 23 30 16 96 6 17 13
56 49 82 58 42 24 3 45
95 45 57 84 60 50 91 93
4 61 9 26 76 11 43 51

4
24 18 81 29
35 93 36 83
26 46 24 50
48 68 96 44

6
79 4 78 21 48 33
81 57 59 57 19 53
7 4 76 25 84 56
11 28 44 93 5 41
69 6 88 88 2 32
16 80 87 45 1 34

7
33 42 88 89 61 92 48
64 19 24 99 26 34 78
69 78 82 9 46 88 49
86 41 32 1 72 18 98
72 3 75 5 97 14 45
57 5 92 20 75 15 70
100 100 47 21 78 80 29

4
19 29 60 59
12 13 31 81
10 54 84 84
10 80 49 7

7
5 98 59 79 65 28 78
64 26 98 41 57 79 16
76 59 27 86 71 39 68
51 48 74 86 83 35 17
83 41 4 87 91 62 65
7 41 43 70 18 92 63
75 70 30 2 29 56 39

0

6
7 1 46 32 87 29
66 3 11 59 59 50
49 20 14 55 13 8
76 30 100 90 56 21
19 57 1 27 96 51
25 54 52 70 85 90

9
50 92 13 60 2 62 60 22 75
14 86 35 42 15 34 31 71 54
2 79 7 80 74 57 4 27 60
73 11 49 75 13 93 87 24 94
48 84 67 74 49 4 8 90 71
93 73 41 99 74 71 5 53 45
13 8 23 73 32 86 73 6 50
17 92 73 63 91 56 81 17 5
85 76 46 55 69 18 47 67 43

6
23 47 13 35 54 88
59 86 73 32 43 22
100 87 94 14 77 2
95 45 6 31 21 3
85 89 21 83 7 63
51 29 10 64 63 15

0

3
100 75 57
43 96 56
29 41 70

6
42 16 54 99 46 74
2 82 14 74 64 20
36 14 100 97 29 62
12 31 87 63 5 43
57 52 99 37 93 20
46 86 35 99 85 80

1
86

2
37 59
76 56

5
41 7 95 70 20
6 52 7 20 9
49 77 60 47 13
4 18 58 90 52
56 26 83 79 63

4
15 73 22 22
18 63 28 12
84 48 69 87
54 89 95 54

4
7 1 29 62
18 87 51 22
94 28 56 25
90 51 91 62

3
65 32 86
44 43 21
43 64 8

7
52 2 2 68 60 2 96
22 71 34 72 44 80 52
100 4 41 50 46 55 73
10 86 11 54 28 31 96
43 38 44 94 92 45 13
51 98 9 72 68 94 96
64 73 47 63 28 39 64

3
93 88 83
78 98 88
58 81 84

9
70 79 46 61 23 58 64 72 18
35 91 12 82 54 36 28 16 64
19 79 89 11 67 23 89 16 11
98 96 94 97 66 24 94 78 46
52 41 69 21 28 59 32 61 13
20 41 28 35 59 59 23 69 25
45 9 40 55 58 88 100 55 5
23 100 34 20 51 75 88 72 54
99 55 14 11 26 54 90 60 12

7
34 33 72 31 93 64 85
51 3 37 57 7 11 56
40 83 59 66 22 82 71
20 88 85 30 14 90 72
25 54 19 59 38 43 89
30 58 25 32 60 13 40
18 76 48 57 58 6 75

8
39 45 51 26 81 32 39 23
3 16 76 22 74 13 16 14
94 73 90 78 32 3 17 49
30 64 57 87 21 83 17 59
28 67 85 60 51 75 82 53
90 57 26 15 21 41 28 67
65 70 44 48 24 60 48 53
24 5 39 44 39 7 3 66

5
39 78 76 13 59
80 3 68 58 17
88 50 97 54 15
18 97 62 41 9
10 93 84 66 83

6
4 41 81 22 66 71
99 93 84 9 25 38
76 82 6 16 83 2
21 97 19 70 11 11
78 72 55 61 89 37
39 44 30 72 17 95

1
15

9
77 76 16 14 51 49 20 18 31
73 39 80 44 8 42 54 85 13
9 97 53 97 87 48 26 58 65
73 52 31 64 28 6 79 42 57
27 13 26 9 85 64 88 28 71
81 34 7 45 42 55 97 90 42
45 16 51 9 40 54 39 3 82
97 33 75 5 11 87 30 19 23
94 59 3 16 39 36 75 84 29

8
32 18 22 76 85 73 36 24
78 27 78 59 23 10 85 27
20 23 8 39 46 1 97 100
17 87 35 43 70 63 71 2
80 93 29 17 17 17 40 94
43 18 5 17 27 41 95 99
64 2 37 61 55 85 60 23
71 46 65 93 8 87 46 39

8
74 55 47 42 47 93 36 64
49 52 42 89 98 40 4 52
28 16 58 12 27 80 35 72
96 79 31 82 24 22 13 49
76 11 91 74 3 26 37 3
30 31 92 79 70 47 30 98
15 39 61 41 18 95 65 13
73 95 47 48 68 59 97 96

8
39 69 24 64 6 26 45 36
69 24 57 16 5 54 30 96
67 22 13 13 86 78 86 33
24 33 100 82 81 95 2 19
64 25 35 21 51 79 8 19
54 64 86 11 70 15 6 88
89 70 100 74 47 85 58 22
70 58 55 2 4 57 21 19

2
7 91
83 85

7
54 91 14 39 53 35 6
58 22 94 79 21 67 78
58 25 99 79 34 6 80
37 14 52 8 46 58 98
29 95 48 34 37 61 72
89 47 77 98 68 70 76
40 89 5 49 13 4 27

7
61 59 86 74 62 93 19
72 43 99 66 90 32 54
2 56 42 48 32 91 67
54 18 6 42 23 7 6
78 33 3 38 43 40 63
5 33 81 76 27 32 93
16 15 98 17 70 91 16

3
81 82 7
50 39 100
72 45 5

8
30 59 38 72 98 100 28 82
33 55 8 16 99 75 30 96
91 52 86 58 57 18 39 63
68 30 62 39 26 18 40 55
76 29 79 73 29 58 55 13
65 14 28 63 89 9 11 31
60 96 89 16 66 79 30 33
8 43 23 34 60 62 88 35

0

7
60 71 76 66 83 40 79
62 54 67 70 64 98 30
12 38 97 77 16 79 9
24 21 31 57 33 45 96
19 87 66 78 9 93 95
91 84 74 4 37 92 73
53 41 54 64 78 51 40

3
81 100 69
1 30 77
85 26 72

3
64 89 33
72 81 28
14 64 53

6
53 44 90 5 37 43
20 14 45 59 59 25
58 27 78 39 3 62
17 27 17 80 15 50
4 48 29 17 63 33
86 67 76 75 71 64

8
90 78 14 100 88 90 9 15
67 100 17 81 16 43 97 47
10 98 50 9 78 19 71 10
4 38 38 30 60 1 98 2
30 63 1 18 53 10 84 71
61 100 51 28 95 100 74 56
49 76 64 79 94 34 40 49
23 77 78 83 30 75 84 11

9
36 80 42 97 63 64 57 15 67
84 9 66 10 16 66 37 79 96
30 64 36 78 39 64 7 21 45
81 56 56 70 43 35 63 40 50
27 48 64 93 84 24 10 93 39
27 29 69 75 10 32 10 39 22
25 45 94 70 77 49 25 99 92
11 13 83 60 39 30 23 83 13
46 44 57 36 23 37 4 97 46

7
6 36 9 82 80 3 51
9 3 27 7 46 38 71
80 49 10 10 24 44 74
21 40 83 57 62 19 12
58 17 99 15 4 60 96
84 62 47 44 16 73 2
14 62 72 93 63 33 54

5
29 28 6 68 62
14 29 32 26 86
48 24 52 52 83
47 87 96 45 82
64 70 83 77 83

5
69 45 39 23 30
67 2 88 34 15
1 14 46 26 99
46 2 2 49 36
48 87 84 45 68

6
14 50 75 96 7 95
93 45 69 74 63 70
61 96 36 62 9 82
39 59 27 40 12 27
28 60 13 11 56 80
9 21 81 83 16 87

8
60 84 98 34 46 19 94 42
55 7 2 36 98 13 14 89
24 92 16 35 4 78 90 35
86 10 15 20 78 53 49 37
36 46 70 34 64 16 27 18
74 28 5 71 92 70 60 16
61 75 2 16 53 92 50 90
53 16 10 30 69 58 19 56

4
40 89 18 55
15 88 29 95
44 51 86 14
10 53 26 85

4
42 89 46 91
78 50 7 39
32 27 96 50
34 50 41 23

9
48 89 59 28 83 2 78 21 15
88 73 93 24 27 34 64 24 24
41 26 82 80 57 8 27 6 42
29 46 16 100 93 56 58 20 39
59 50 11 26 37 35 18 12 62
51 75 37 26 67 62 60 98 18
19 25 75 12 5 73 27 4 17
83 61 89 73 71 38 35 96 26
69 65 37 82 67 11 71 93 29

1
4

6
2 22 3 28 34 7
100 12 62 69 46 22
57 70 44 46 4 92
71 25 56 59 6 23
21 76 67 49 60 70
75 13 43 77 40 76

2
92 40
44 60

6
17 68 7 13 13 62
4 35 38 59 93 44
33 13 71 99 61 82
20 88 94 63 64 86
90 99 77 81 94 88
18 63 7 76 75 19

8
30 5 27 40 97 22 73 9
44 23 21 26 43 8 71 57
24 8 98 22 36 79 15 23
48 29 29 23 55 99 63 84
3 41 24 51 62 48 11 58
70 32 35 64 91 5 20 14
13 70 35 48 48 2 23 95
82 3 69 37 54 31 20 56

1
95

10
59 85 42 69 42 12 100 76 27 43
33 47 56 97 16 43 44 15 44 18
61 25 21 29 13 26 59 33 33 82
79 91 19 21 60 60 84 11 88 10
53 20 8 9 68 23 51 63 89 46
81 49 22 53 77 35 78 88 19 10
21 49 53 39 69 12 51 52 74 38
62 27 9 69 87 76 44 89 38 84
86 18 33 7 22 61 93 99 100 63
61 21 12 13 11 32 76 61 84 49

10
98 97 27 58 17 13 33 60 53 71
96 38 40 28 45 14 40 89 64 40
4 76 12 67 88 22 98 15 83 33
64 80 29 90 38 46 55 22 57 7
44 52 45 36 31 41 49 71 81 64
10 36 40 21 2 27 42 100 94 76
84 57 56 13 98 45 10 4 66 66
63 62 70 7 97 100 99 97 22 31
60 83 67 99 55 68 78 49 19 71
24 3 79 79 67 28 75 76 32 93

10
93 94 54 62 52 50 14 50 46 87
32 57 70 98 56 24 18 33 72 36
55 96 90 33 26 56 60 1 83 91
45 76 36 98 89 87 99 54 88 96
41 20 52 10 69 7 85 86 91 9
74 45 4 63 29 81 71 89 33 53
31 77 28 67 74 69 5 72 22 93
19 14 64 71 75 32 77 60 18 20
68 91 64 23 5 93 3 75 33 36
80 63 12 59 81 38 27 86 61 1

10
30 80 14 45 50 89 76 78 100 45
97 67 87 13 41 44 57 43 18 89
30 49 3 42 8 36 79 34 73 91
34 2 70 100 98 19 88 73 49 39
70 97 5 56 9 97 99 17 39 69
57 69 17 60 62 24 95 92 10 19
82 95 72 4 94 69 74 33 93 22
71 62 19 27 70 79 23 20 96 14
88 52 34 57 63 47 32 9 38 93
27 71 88 98 74 33 66 48 18 59

10
21 40 72 39 19 41 18 93 61 65
6 100 16 91 56 79 37 40 87 26
32 66 49 71 63 74 56 81 73 73
91 94 64 62 84 82 3 53 75 63
17 32 62 85 75 70 15 11 61 53
89 44 18 89 67 33 62 22 65 87
46 55 80 9 16 15 43 18 68 17
32 36 100 46 72 74 15 38 37 27
91 77 70 60 65 36 92 26 9 56
12 54 62 43 15 78 10 57 95 29

10
25 79 16 76 24 88 50 90 25 38
16 67 14 37 27 78 25 70 55 33
78 19 39 39 13 53 16 22 61 63
2 85 41 18 12 64 5 13 53 81
50 20 48 15 56 26 44 80 95 51
13 24 69 3 63 33 55 30 7 15
44 8 51 84 25 62 99 81 27 3
14 76 22 61 43 30 86 86 9 32
36 73 56 56 75 70 89 29 51 47
95 95 54 97 30 31 11 29 11 37

10
83 24 64 5 36 6 86 73 44 94
57 79 67 64 87 93 33 27 74 83
73 68 77 78 17 59 8 79 39 71
15 21 46 30 77 34 88 62 6 31
56 14 61 74 77 47 66 9 25 91
44 97 11 72 75 27 30 34 5 68
56 71 89 54 100 17 87 39 79 44
69 86 58 82 11 86 28 28 95 53
19 90 1 29 61 27 7 43 13 11
10 68 33 50 21 84 19 59 23 97

10
55 91 34 12 72 44 97 52 71 43
56 89 32 8 69 45 35 75 87 47
37 48 14 69 50 87 53 68 97 75
64 51 17 97 14 41 92 63 44 62
5 99 3 89 58 71 85 92 98 71
38 34 70 4 3 19 42 7 86 38
33 49 41 1 97 54 41 88 16 36
2 73 86 56 61 44 78 97 35 75
67 25 9 36 80 63 55 73 21 40
10 53 41 50 53 89 56 46 29 71

10
33 30 43 19 37 55 62 14 51 48
89 69 24 49 57 3 63 11 75 83
2 37 87 94 38 91 83 93 88 63
16 21 44 10 91 80 17 4 93 67
51 33 88 27 33 44 29 95 6 56
29 59 44 67 53 33 58 87 78 45
49 93 17 44 54 7 23 70 10 67
89 13 52 76 39 84 71 19 31 76
26 59 86 21 26 38 54 35 76 31
31 76 75 100 19 80 6 93 50 68

10
60 90 32 11 17 22 46 87 92 76
14 70 87 99 90 64 89 95 98 64
77 80 92 3 79 10 83 37 55 84
56 14 73 87 76 89 60 21 27 51
49 40 72 35 38 62 50 26 56 99
42 85 78 33 87 57 94 69 93 48
52 48 13 76 86 40 64 45 13 90
47 61 81 19 47 19 32 96 96 39
94 89 23 23 73 10 79 19 30 23
66 34 70 31 9 7 70 25 51 82

2
10 9
9 5

1
10

2
10 5
5 9