4 3
10 3 2 2
0 -6 -4 -3
-1 0 2 3 
-2 3 0 1
-5 2 3 0
18 3
99265 -69824 -26561 1631 -26898 -7539 69217 41963 81165 -68300 -74313 47487 58729 30590 37854 -25152 -44639 40844 
0 44250 12863 -51894 74697 -2309 -27827 6844 -96811 -41510 -51259 -97624 -82478 74606 -53581 -5281 11209 -93115 
9076 0 12309 -36966 -17335 67695 93058 61967 5626 13123 17786 17080 6576 -59609 -32406 -94859 55765 -56926 
-97781 76203 0 -10112 82797 88248 39135 56450 -82345 76879 89349 -58495 -70285 92904 -5065 642 -43253 41186 
-88985 79756 94156 0 93286 15520 86052 87501 90672 72906 27094 -10021 79204 67962 -17414 -5652 790 -48913 
50173 -42968 37755 -28676 0 17441 40760 -47961 -82543 61112 64120 -65005 -44082 -60460 60764 20352 -67878 61549 
-6117 47684 -3841 -71911 -1791 0 -74652 -32004 -27712 -58317 22635 75302 46809 -78719 -43801 86546 35998 98673 
-57451 -53750 55572 91202 53671 -11724 0 -18185 -66100 -89106 28445 -53481 -35594 -63157 36557 2252 58236 43140 
54111 -37644 47385 -61224 -26951 -19464 -55875 0 5552 50298 66016 -2381 -18160 69613 44043 -32152 -38071 -15473 
71998 -89003 44104 -16086 -13567 26387 -73953 63219 0 61528 80459 -84451 -14527 -43862 -37493 -51259 40543 -50825 
-70609 15852 -44619 -25946 -45583 -42121 1016 36478 -40378 0 -71388 -31891 2040 -6955 54024 10123 99277 -99495 
28440 -8238 -6221 16587 56670 69415 17629 68093 -63557 75515 0 24058 -26368 22758 72030 9336 -36508 30863 
-96899 64166 6274 34889 79302 52169 -97011 93994 84299 11572 -80601 0 -69292 -95055 13299 -86735 -97145 30658 
-49461 -95455 -98411 -15724 99828 -32144 91251 -1842 -20686 39691 2027 92025 0 -21896 30061 86455 14379 -83452 
-7533 -92109 35605 -57171 84616 71456 -79903 -68949 -4561 -20102 -33363 -6990 13217 0 45114 72005 -58620 35991 
-64962 70963 2021 63874 -3736 40575 93053 51507 -76419 31558 -52171 60518 38962 -76160 0 -22924 -47782 89988 
50170 -18131 -40734 70967 74782 -56452 62889 79680 79852 99158 11639 -70790 -82482 80744 82789 0 49757 -18245 
-73916 99459 -94912 57844 31252 -28942 54108 71474 -44641 -11679 -78559 -72411 54874 73660 -61085 -45251 0 61272 
-18195 55683 10009 71704 -44934 92226 29537 -55436 -31632 -3955 89042 34252 -42191 -77888 -67461 77335 79547 0 
2 1
-31015 56343 
0 53755 
-76104 0 
14 13
79669 9089 -77858 -96781 -96356 -38590 39814 30089 52908 60982 -11 -48468 -28614 11859 
0 52876 93214 9158 -62346 -96024 -61546 -33454 -24150 58020 56674 -37071 -37240 53703 
-69929 0 61183 49074 -4076 -26403 -7106 -41229 70296 15737 20475 92581 -82670 66198 
77574 77747 0 -33139 99501 -2046 -27155 52577 10057 -98700 84039 82474 -86282 -23413 
405 -69835 -68175 0 -49818 55439 79621 3916 -81374 -90881 -60760 67964 -45691 55914 
93158 -13267 -39092 -62153 0 -26639 -67478 58109 -3027 28780 5500 -1473 98641 79691 
-69113 20043 -73888 -54163 -95848 0 -12014 -54448 69946 12073 33746 -39964 -67891 -26637 
8110 31408 69859 -49777 -55934 -55562 0 36940 -84482 63775 -18498 -90528 9478 937 
-10896 -21182 -83563 -4964 1292 -19941 -68734 0 38674 -25645 7775 -17895 35762 75607 
58073 -86377 -42013 -14602 -83503 -27989 97386 -26137 0 84602 -75835 33544 53388 -70976 
36448 -39875 21974 -25266 20996 35835 -73018 -27820 -29342 0 9442 -49965 -45515 38250 
54041 -7435 15254 -20981 -97767 67511 -82745 6981 78637 -28352 0 -32217 33172 13717 
-10695 -74442 48126 -43008 21627 -44146 67929 44491 -69693 -54878 73328 0 -85180 -96041 
13178 9476 -51539 14370 -75623 32509 -84053 -36550 34151 17063 -19209 27046 0 -51017 
-60326 -87576 -19716 94047 69394 40051 82464 -33844 73204 -7360 53384 -22712 9015 0 
8 2
-56998 -9500 -35459 -260 38037 57730 -8376 95597 
0 -11283 86882 -58581 -49111 -96497 85099 64749 
74336 0 60575 -34693 -56999 -68718 64033 84222 
-68329 28657 0 35887 9375 9388 65935 -57766 
-1282 -19185 -8339 0 -54426 72364 -63450 2229 
-27140 -2873 76074 -71526 0 94294 -72315 45977 
-65448 98524 81348 -11078 -28256 0 -59757 -87487 
9189 90033 83270 89172 -44842 -25702 0 -23081 
-5258 -43093 -70982 -12247 24445 70018 34616 0 
18 12
-94212 70373 -56200 -52674 -19392 64885 -22402 -40631 -37442 59514 74540 -86686 -29465 75604 -47841 -998 -76938 -93476 
0 13976 -34459 55475 60351 54929 -57272 -6000 66781 3581 22464 -61399 30451 -32585 4476 -69938 -45416 61426 
-30767 0 90447 6261 84641 16675 -81283 -16830 -19952 1712 57940 49384 66809 -73157 9361 40964 -42271 34421 
92469 -98875 0 61819 31346 68387 -8134 71118 -12787 20774 69733 42572 22153 74212 99596 -59675 -9619 -39066 
78654 -7662 -12180 0 92858 -70896 37055 -54315 14359 67799 30519 87184 -39298 -6661 46006 43638 -32764 59878 
-40419 -91612 -37930 -46440 0 58426 22279 -87492 28924 -60229 87127 -67331 -1996 16519 58716 -11449 -48724 -17480 
28116 -43706 20190 21096 1834 0 51921 -93780 -1169 53634 -49970 -62753 79924 97534 -50212 -35650 8120 -80953 
40181 -42045 39306 -62048 -71848 25320 0 52478 16287 78055 14190 -32018 -21225 20883 -17922 -82797 87787 -32084 
90473 -9162 41048 -99027 -3989 -54405 -9088 0 -51030 -65867 78216 -71274 91181 -13920 300 27169 -58644 68200 
-75656 46222 -25360 79374 -33098 -98996 -2583 -82844 0 85351 46224 -63125 72358 -38000 -31585 -14335 -82523 39509 
44913 -82076 -16997 -57310 2064 2457 68269 -125 1955 0 92052 15900 -85375 -5219 -93114 -5757 13789 25386 
-79061 27591 78283 71884 50502 -59426 -1499 -29370 -26204 -15584 0 -20960 -92077 -20708 6412 -51747 -22544 -81461 
61882 -94883 -6308 34549 -97341 99482 -71903 78769 46985 18738 56005 0 -47984 -66611 -71612 54451 88050 -90479 
-67901 48247 -40041 81425 43125 24320 42177 -65798 13450 44921 56421 -76443 0 -66594 -46026 9150 -83192 5798 
-44702 39051 72002 -26614 49639 -62621 -74089 -25698 -81984 -8432 37872 -36988 -93281 0 -89158 -58350 54326 -64904 
-86889 2873 9710 -93261 -26471 9020 60008 -47753 -94666 67879 22427 64400 -36722 81338 0 94295 -20256 24035 
89968 -36589 48235 -73877 -7719 -88481 -21485 -98937 96246 50743 -72980 93118 70268 -37155 48740 0 96537 -90332 
-5736 11988 62790 -6271 52593 -10418 -5901 24805 -50382 -6254 -89242 -2526 -77961 88341 99284 -98917 0 87335 
11224 60477 -81239 55384 7558 22251 -17238 90113 -16271 77762 -75051 -43017 -39347 -70149 -35170 42517 82143 0 
11 7
38706 -1823 79242 79073 -77682 -36020 -78462 -6764 53212 28515 -53866 
0 -671 43709 -19651 -59148 -128 55827 -23482 -21829 -64906 21505 
81405 0 -94887 -21009 -36393 -77194 -22818 -77752 19544 95587 76350 
-30041 92411 0 -38082 29208 -54751 -54228 -37268 24465 -52465 96363 
-92655 -752 -35054 0 98389 73554 -99509 -9719 -99004 -18818 56477 
22856 -92102 18386 31951 0 -2151 60475 10318 31842 5749 -32066 
-462 -29157 2697 -64674 -5345 0 94525 55508 -44935 731 -26774 
-76023 -42599 66032 -63347 90056 4781 0 -7545 12612 -8044 -30302 
23455 48978 -25536 53172 -58003 -42258 78124 0 71819 71044 -88300 
-97083 36170 -31216 68903 9151 96805 72229 15670 0 -39153 73666 
40422 -94692 -91942 -403 -16329 63041 -54180 -99187 -70127 0 -15277 
81617 97367 37324 -57721 85048 13842 1459 -76960 67362 -66254 0 
5 4
-91763 65677 21394 98739 47927 
0 47859 42736 -57355 46504 
36233 0 -68678 -58282 -22322 
-80506 -9261 0 -7939 74977 
-21799 -85545 22152 0 11628 
53542 15754 -16506 -78937 0 
1 1
-87243 
0 
3 1
6011 -60788 40865 
0 -13538 -88742 
-19080 0 75026 
-61055 96063 0 
9 3
-39127 25386 90393 36616 69993 -99814 10647 -42856 16407 
0 56134 -48728 79318 -13816 -40363 -13799 76120 -30794 
55199 0 -13753 65685 -22665 76965 -77997 92115 93846 
-30306 96514 0 75993 -42232 87837 -31506 -31153 -3174 
7010 4427 18726 0 -98961 -18087 -91941 65166 -50498 
88666 56621 24523 63241 0 -49654 -78763 -84185 62835 
39159 17395 -52443 -44614 93180 0 -62463 -19394 42347 
-31733 53074 -98797 -27128 78299 -86472 0 -62086 99035 
-29582 -29827 -63717 -79790 38837 -39134 -17566 0 35723 
-45329 -37394 -72824 92959 16516 96844 31925 -35328 0 
1 1
-76132 
0 
4 4
-53632 86913 -47392 -48808 
0 90471 43396 -98831 
-31486 0 47221 60438 
61049 26000 0 84061 
-26883 -42045 -67868 0 
10 8
78205 10581 -16000 -80936 -67276 -38713 -65503 25291 86587 -35312 
0 -79950 42339 -16947 69493 15577 -88977 48408 -96860 60426 
-86521 0 71243 66526 78392 39066 65000 -79834 -77318 -82433 
55407 8720 0 23428 -18899 27417 83299 13583 60808 32557 
-5257 92153 -57415 0 -2173 -32584 -11878 76319 52605 -34974 
-4508 13375 -69085 -44335 0 81240 -30589 -43083 -61785 -5852 
64734 -65594 22144 -48539 4277 0 -7469 -30907 56868 -38268 
-11210 -10528 46351 22459 31560 91421 0 -90933 -4073 -90876 
92002 -65640 67660 -32818 67321 -5012 -89787 0 -58069 91582 
-44923 70532 -14912 -93647 -959 -49295 -7384 -80249 0 -83476 
72231 -75202 -54988 1655 -63510 58196 85928 -77852 -95630 0 
19 13
-93889 -78481 93908 15535 -28408 -5738 -31095 -29485 -99105 62036 85701 44327 8493 -50838 -37789 -41660 12036 -93877 -20497 
0 18147 90566 99511 -85125 82416 -5362 -50146 -95391 -58848 78331 86878 -69280 58095 7148 -70924 -89355 -68338 -17762 
-52320 0 74175 -55521 66015 13383 61083 -18926 46464 46297 72826 97296 -55620 1655 -70535 5621 -33625 -59192 -75831 
92957 129 0 -95785 98978 -17694 17603 84229 71443 -17288 89355 -36001 -25471 71172 -702 -44240 -55089 2459 -66536 
12171 72239 -70442 0 -67007 -40085 -63024 -13849 -89796 76746 -57965 34947 20704 54346 35773 -98904 5544 -78682 87710 
-83606 82350 71920 76409 0 38346 -9170 73556 8308 47555 51283 -59193 -69735 -37738 -10014 -22324 73617 -69470 65247 
-50178 -47482 -43524 93053 -4290 0 9326 58655 92473 52510 -42850 -13274 8644 56061 -17801 -25240 17847 1554 69681 
53292 -40346 12291 -6107 2833 -77075 0 34790 -4710 -81931 -50270 -19502 -31573 7817 98901 -96768 35059 54850 -4850 
98466 -68507 81785 -60419 9504 -84107 -40658 0 82209 -55492 56415 -33928 -18931 -61025 9444 60200 81871 -58852 -58613 
5861 92273 -22645 -61880 -89718 63780 -79808 20973 0 -79716 -91041 98164 61813 39532 28230 38371 -29716 63847 64348 
95955 -85314 -31440 -15493 -16662 5074 -60283 -15617 11777 0 -5664 -9668 -39218 -30022 -41774 -60087 -80677 3746 -68292 
-96572 -82213 -3472 -97853 56047 -60162 23448 7975 75951 -52700 0 21016 94368 -28147 85417 33695 65521 88682 -64325 
81917 -29233 5963 -51368 -31075 -81758 67119 39949 91617 -63174 -88853 0 -41410 14364 67658 2827 56538 -77739 -58634 
20830 80227 -51317 2738 -4425 70164 -98284 47699 28051 14997 46484 -30124 0 3953 -68217 -4727 60474 -43434 -46367 
87470 -29145 -14292 -20072 42647 -41510 -59502 -74252 4771 49200 -1507 -67367 -37687 0 39162 49933 40376 -33594 37123 
32740 -59173 -58586 93684 -79442 -56693 -70166 38537 -27104 72310 -94711 28951 -83545 -44266 0 82967 2409 38682 60990 
31464 -36860 -22112 75681 75479 1763 1036 -66924 -33151 -45198 -53818 55327 -14923 8134 86236 0 -9674 76940 29691 
74095 -4942 84302 330 -92886 67110 -94391 33898 29580 -70487 24208 81569 49640 3367 -34529 65909 0 81534 73558 
-3446 -37 -96933 -99113 78087 -46154 32661 -53307 76422 -84829 -23110 -43479 -16967 91847 -46250 411 -52028 0 -29691 
91825 -22857 -86172 99418 -75292 89946 97334 22849 33079 39047 41234 9538 10407 69446 82989 -28381 53725 4772 0 
5 1
-12174 -57525 -25503 -13049 -17120 
0 15098 -86298 78823 -73478 
-61773 0 -70367 -24599 60472 
84088 -40501 0 -13640 -13857 
32250 64511 8273 0 42742 
29749 -23472 51160 72796 0 
3 1
-281 -96475 52018 
0 -18379 38934 
65815 0 -65032 
15199 -79259 0 
19 19
-73571 -49810 90869 -24518 -9827 66512 61520 70498 -11522 43124 72504 26810 -13028 80485 64399 -67542 -12571 97216 -67636 
0 15451 -47966 39166 94563 -2992 98716 9212 22 -13819 34539 6084 41299 -90188 -73927 67865 16079 -19457 31845 
-36192 0 -45898 -31370 67014 39429 -28661 14604 90100 11282 63286 24146 68546 -23157 -16871 31099 50748 -28818 -69507 
-11265 -32812 0 48830 -97368 -79247 64703 93898 -38278 72183 91133 42085 -42295 -35533 56594 31439 -72615 37358 41870 
-72638 -94993 79761 0 40119 -3463 -62605 -86901 -88177 -76389 19180 32021 -27968 -42496 11442 38327 55584 -32076 -18624 
-17079 -60367 -70703 62099 0 80906 -74084 62939 -82105 -19480 2105 14676 -59921 30344 19814 -96375 -28901 -57997 14215 
-68488 -13382 30803 45716 -3082 0 -73583 9153 -1017 -10634 43094 -13422 18906 -49321 6974 -93944 22114 66154 28748 
12072 17490 -23053 48689 -37937 65489 0 40978 22697 24561 -8008 -37232 -98347 -95152 73431 81347 -6722 13226 13565 
24890 -71269 -95147 40215 -42098 -45586 61321 0 14204 -44751 -9939 29591 39645 -9643 -65116 -99420 18064 -98467 -65644 
66421 -8215 -20062 -74049 -91236 7382 -76338 -82179 0 -32836 -36060 9883 98008 -2544 83821 -30833 10453 4498 -47431 
36979 -10682 5369 26873 -58989 -99735 -43106 -50702 54436 0 39663 62555 -64458 -19877 -2864 15196 87348 66554 -3993 
79024 48811 13676 30126 -79061 -85439 43092 -72420 -28613 84577 0 -69331 -90887 7026 15744 -5547 34614 -90597 -70407 
-98825 -84602 89822 -63865 -47643 1164 15198 7305 46548 -11790 -89366 0 30183 -30331 -69498 18136 28682 -34495 -29329 
75962 40700 -52411 51567 73899 -51125 -60271 -84049 13242 25719 -48589 70344 0 7752 -84190 62320 20295 84154 -45339 
-89088 -44408 -79449 -65124 40594 -89846 -24445 7771 -16453 65688 21168 -25964 67104 0 31901 -1740 -36133 -24361 -99686 
87074 -94077 -38067 52154 -45791 36647 -78376 80805 75402 96565 76056 95903 49150 -42594 0 -71021 32259 8899 -4993 
75483 9001 55474 -38122 -72103 83351 11857 18901 79546 -20409 -25020 44826 91546 43055 -7248 0 13640 -70251 -3770 
75994 -7732 65612 39512 64702 6605 -34042 48871 -27251 638 3167 13405 34952 -55427 -38444 -4356 0 63430 -31230 
34395 54405 18834 76409 42358 -80066 -46171 -69285 -39212 -53228 35447 -47379 5277 61138 -53770 78858 72981 0 63778 
84792 -9288 -15113 60245 -79868 -23303 -56430 25796 -5462 91267 54900 68067 -94082 12338 9773 40244 -26637 61825 0 
2 2
14433 -3639 
0 39434 
14427 0 
8 4
60737 -15058 38540 63817 12296 -59183 63758 73633 
0 69204 -92533 -60657 -57187 75599 21103 38558 
-8047 0 74785 5435 -70107 -54696 61967 -18398 
57816 95155 0 94015 -12041 -15236 53003 -30330 
-13826 -61567 -39259 0 11484 20920 -17542 -79056 
92659 -8313 68356 15074 0 83546 -66986 -59436 
-19100 -29768 66048 61951 -58531 0 91734 51156 
56897 -36051 29102 -56106 45064 22409 0 60825 
33129 -57205 -42774 24246 -99049 59667 -29118 0 
20 12
-98750 -38182 -80518 36430 -24797 63463 20085 -7841 -28623 18794 43092 65623 50342 -81432 -31856 -18198 49945 -83549 -52331 13641 
0 58236 -15414 -519 90474 -85601 53584 93095 30003 72808 -7349 -56659 -10515 -85894 -55907 86403 -52308 72473 15174 -38244 
12149 0 -27865 40834 95566 41121 -47451 31648 -60612 -32187 10042 67574 3586 59163 32383 70777 -43674 -72735 -57392 -76336 
83945 9464 0 18518 94834 -88485 -99570 -14206 -78285 -48073 -65407 52759 -86744 -24326 39196 -93582 -18097 -60695 -67604 -62928 
-49641 6115 -36223 0 -82518 13718 -55808 -780 9150 -83601 28846 -40998 15374 -78972 -72991 -111 78247 -92799 61726 -16614 
-69660 41843 -52773 -51000 0 -68405 -3130 83217 -90030 -22998 20215 56670 -55185 -35581 -15965 -48733 55111 57251 -89901 71263 
52158 23376 25153 27051 -6037 0 58045 23484 -22200 68993 41153 77726 71168 85486 -2711 67445 87289 76030 4191 -35932 
88944 70256 22255 54677 -8211 -30535 0 -30466 39969 12420 24000 54191 -69970 -42323 62206 -15644 65582 36060 73810 33475 
27941 88954 -49910 34059 -18844 95715 39243 0 13784 -34073 -39306 -8312 37190 57154 -23609 62850 38708 57717 -82606 85045 
27042 -96207 85492 98797 -19113 8072 22987 -91528 0 86386 53152 74937 39080 76634 -81253 4039 -15482 -30094 61234 -43206 
95607 66479 62741 71032 -36458 -97238 -1996 -37434 -55192 0 -86537 -21579 75380 86360 27067 -85294 -83190 17384 -41416 -88646 
95882 60249 -69949 36458 78226 44754 78016 -34596 -73655 -79930 0 -69810 -1931 1044 -76976 -95166 -19203 -27097 -17743 -36758 
-14761 -1037 -18494 32193 -74974 4912 -66199 -88361 58919 63986 -41607 0 -92549 67467 38540 -6450 62969 38760 64699 -88965 
-5307 -11120 38483 99691 94163 -73679 -45144 -68106 2011 -88985 -11931 -63961 0 38670 1561 20832 -33167 35875 29891 -51893 
58866 10601 67527 83719 -79797 -72461 -17758 -36630 -39337 18480 -49301 -55604 -60233 0 -15838 -33083 73107 -35055 54791 7259 
40145 21814 40498 -87538 6940 -83775 70959 -84355 -66072 4153 -22116 54458 -68248 10248 0 86361 9373 3288 -28188 -43388 
-77385 -35306 -24809 81973 30707 -91502 14995 -5469 61796 -53155 21129 -93061 -4157 -7586 29399 0 -64747 43817 -42551 -70993 
-17478 6560 -77800 -13019 64128 -49435 -90942 42459 -5032 11381 -45706 -86184 -74030 -9571 55188 40911 0 50078 18416 55853 
-94037 -92539 -16915 48423 -96332 -34663 -92222 7156 64065 85170 46973 -70990 -6426 -33974 84455 -95104 42258 0 9286 -98483 
-87723 -36418 18382 -15711 -6234 -53650 -21668 -81614 28894 46193 -68724 -98767 -6934 78453 52461 -91953 71678 -52138 0 49257 
-83785 18971 92604 -86832 -41130 40917 82431 60803 -30296 64859 -41100 -26098 75376 -4883 -16784 -34256 84506 -37238 22745 0 
5 3
-99421 -34974 4705 -45521 -4722 
0 -38779 75125 75303 57018 
80593 0 70533 -6405 85802 
27731 -47221 0 91554 66715 
55755 -26687 46987 0 -98915 
-55512 58395 -44146 -14526 0 
19 9
64774 -45892 75699 95568 15952 -96694 -51115 -71581 33183 24975 -55896 25930 15701 -65936 -12640 26030 40947 -68446 68104 
0 93008 94217 46711 -2167 -43232 -97755 -73907 -50111 -77601 73318 18568 -42879 78449 30839 50366 -96377 91871 95682 
99370 0 1049 -91349 84471 42828 99406 49270 -62053 -7905 47315 -53053 26845 85297 -63498 38573 -20030 90868 -6500 
-63311 18991 0 -46535 -95830 82183 -23470 -74099 -38593 -79162 -64109 -73881 -74443 -41154 84202 -62831 67867 85526 54317 
-48861 88624 88478 0 -47454 72771 -684 79039 -6392 55986 1910 12624 -81458 77583 22953 -92501 51924 24560 26647 
56049 91749 -75854 -29325 0 53899 -41001 99526 40003 40537 72995 70944 49643 -85263 22680 -97617 24000 87399 -87626 
-90532 -19588 -76359 -41646 89630 0 37677 -39706 14760 -2582 84413 27356 74220 -79217 -19482 49558 -8598 28938 3294 
-9126 -89084 -81539 58268 -81643 -52270 0 -27810 -45386 99360 21400 -92002 88639 -41289 19261 86722 50725 -55811 4558 
-18975 24170 -42287 -28120 -7976 -42673 -42148 0 10023 -29426 -15050 -60594 -46913 -99346 45091 17756 91158 -12924 83612 
-8469 88688 59895 23775 -90612 -6277 -80478 -64503 0 -43422 -27048 86778 19635 -68173 -95883 81125 61449 -65333 -24488 
-25427 78500 -75854 -40173 -32131 -70732 -17392 72699 -54486 0 -44375 -49031 -49495 75251 -4421 30371 -41910 86592 -67578 
1309 65644 26988 60592 -55198 -85748 66725 17112 34543 27554 0 -38682 -81153 -77822 77428 -45218 -26150 59409 39775 
11279 24635 35495 42160 64201 -6045 -59992 24019 -15193 -92038 98431 0 -43706 -82354 -84034 -78202 -51740 -84408 -72331 
77072 75471 -14586 -22255 69545 78927 -3469 -21059 -40831 -53700 11 92906 0 60664 69679 44121 7237 -60035 -35742 
-39985 -99821 86962 -13804 -12165 -98572 -37976 7347 -18442 63390 -31700 -98901 -81954 0 70753 -72519 -18742 -65647 -97220 
3642 -61427 60461 -86376 10427 -63285 -70017 32647 -94974 -73685 4188 -60408 48114 50675 0 33416 35991 -26145 79376 
-12709 -94441 -9119 -6250 38832 62685 -3787 48983 -89051 5019 -86550 98916 -98940 44447 -76403 0 18869 75166 -60000 
42276 -97421 -90354 -13174 73060 -22651 -31942 -75848 -76642 -18899 -87733 -42601 -81259 7347 43706 -84123 0 51310 33801 
20691 3104 71088 -62928 -99078 -36015 23760 39345 58451 22573 -72826 66761 64363 6052 -93595 -13485 -66274 0 -85297 
-73849 57380 23849 62755 -9021 76917 -70497 50996 11846 76655 -80877 -22998 35455 -65312 88823 89916 15239 19410 0 
11 3
51806 74885 -74876 98784 -93267 93442 -95634 18873 -33991 -23415 64628 
0 67338 74783 -17683 9058 -58843 61904 47860 88492 20519 -57539 
89336 0 -44005 45690 -46670 -6309 29008 25698 79238 -24348 -75150 
-37975 17395 0 -96907 -54147 -10642 62083 26427 77461 37670 -30967 
-37196 -26330 -56172 0 -48459 -70707 -6831 78606 18253 75940 -27080 
-91440 22950 14829 -85573 0 -70099 -52465 -17713 65938 60279 -60717 
60881 -13610 -51628 -83518 48082 0 83144 -77899 97038 31745 30343 
24256 -95975 -19858 -23952 63320 -85049 0 -2221 -57522 7606 -15529 
96063 -2125 24992 29565 -31047 -56085 -54537 0 5864 -9277 75473 
94904 27905 16091 -66888 -52031 58787 24044 -91261 0 -15615 14474 
57836 -44175 63601 47364 21036 -55153 -28462 -70007 -85589 0 76097 
-59488 39374 93981 1037 -15445 -39507 12366 -548 -24887 76286 0 
9 3
-65727 48877 57420 12007 99648 33794 -34069 -39075 27558 
0 87889 35751 -99440 -70625 8633 -59414 -16435 71003 
-20859 0 -43796 92347 -30414 -18163 -42224 -34969 -38351 
-42558 -36633 0 -17162 -14261 -94247 -1028 39742 8022 
94663 -16458 -83490 0 -17057 2127 53602 -59208 -9446 
-13943 31367 -90034 -52492 0 -30923 87088 -96105 -17430 
-72738 41591 37016 -31836 37710 0 78150 73195 8654 
-64771 -76420 67667 61396 -32422 -27771 0 50185 18961 
95291 -43576 73293 83864 36410 -24271 -94132 0 -92476 
36493 15424 81126 -62022 92946 7837 -30598 46298 0 
9 9
-40699 3526 -57129 71715 46241 65593 53831 -32500 22729 
0 88018 -47134 -35312 77250 35605 -17175 6238 17946 
-33606 0 12870 84589 14921 32067 -23980 -54059 81601 
-38198 -25732 0 -2556 -95607 -47263 -96098 -15882 77724 
-60246 83864 -83703 0 80230 -5412 79561 -32345 45827 
-86348 -18585 -20924 91031 0 87394 -54581 -28730 -82280 
-39485 -65503 -94527 78338 48667 0 39076 -42398 60089 
19763 -12690 -71093 63574 59860 90493 0 53116 -68535 
-89641 -10515 -86065 9541 -15153 -40249 49255 0 88468 
63747 79440 -4119 33473 51712 -54303 69500 -13944 0 
15 7
61273 -45758 -77176 -13168 27360 15470 18155 94499 -306 -42236 -10146 -10367 25906 -98870 -51019 
0 30765 -26231 4499 -21431 -34944 -66712 -34652 -4441 83794 -8991 34696 -79298 -77206 -69783 
-54319 0 -51291 72527 19168 -48913 83667 19824 62026 63736 -90187 -75307 -81044 98051 156 
-21577 4083 0 22772 -87179 33597 -18635 -90447 53217 30989 -54979 -94581 52050 68856 -58295 
-80248 81366 -90814 0 79907 80495 -7139 -33619 57023 -14020 -59343 -55962 54935 -76866 -76514 
-17864 14370 59834 -1048 0 -24504 -35442 39577 75609 86420 -95668 11539 -30552 -31799 -17137 
55273 -66671 -40354 -55102 -12760 0 99232 -53658 58052 -51576 -62522 -48232 -32273 48842 -86606 
98423 85917 -61293 61383 94623 74388 0 85250 62887 27527 50242 -21799 -24462 -55558 -42565 
57460 -15227 47950 -99328 69563 90041 -87985 0 38680 -49023 -85350 19261 -49572 -66513 -50488 
28042 -78463 -29874 -47900 -72903 68526 26815 1558 0 54245 184 1510 -30084 87154 -24439 
32071 -92162 56699 -75167 52882 -28895 -18638 -14804 95290 0 71709 -16763 39306 54519 43441 
-46859 92965 -93700 -1589 29867 90286 11818 -67039 -21886 39210 0 54802 -50162 42468 -45337 
-88929 51318 -60731 13567 89345 -8253 -27494 -19888 -60926 78853 -20675 0 -60579 52879 -3022 
46094 -67343 -1911 34906 66146 77313 -84464 58727 -54952 -98740 34969 57843 0 -27529 71596 
23182 88764 47093 51331 -62729 62441 19706 66964 -84123 50787 -32853 23358 -97261 0 80333 
-36139 -80834 46926 45184 19074 27918 -41847 63962 -3722 -8456 -26501 -70888 -17785 72820 0 
8 3
91772 12174 74164 -20252 -33394 -78967 -95036 -92402 
0 -70312 47132 -76011 86527 31664 29833 -98130 
87169 0 -58564 -58845 29070 -66780 -14999 -46974 
79578 12939 0 -91192 -2955 2446 -41854 60930 
21490 -59875 18921 0 -97631 -21850 726 19562 
34732 -64447 -30913 -92726 0 16805 64762 86095 
-53576 -89512 18470 -9755 -93985 0 -59393 -90395 
-79317 74319 34086 -12241 5745 -77761 0 -14382 
28422 -98176 34419 81406 37403 -13152 -19260 0 
20 7
7976 24868 -71102 -69996 -27822 -74811 -73815 -53393 53008 -36460 -57562 -86785 -14441 26423 57711 -88881 37020 17243 -95909 98164 
0 19297 23272 -46425 93066 22357 -85998 52066 -91896 -24861 -52139 60002 -56110 87472 65524 31578 -24461 24053 -35905 -76665 
88405 0 -36454 -9446 27365 -86340 11179 4018 -56710 73456 -13858 42253 -19978 146 61797 -18237 3060 -79987 14389 -29116 
-41470 81264 0 -64301 19304 67165 -14256 91419 26569 59755 -82277 -7004 -90445 -56935 -16063 87524 72335 90667 -16368 70860 
2657 65009 -14239 0 49181 33994 1821 -36655 67476 1705 31711 -26694 85292 -4432 -43425 -29259 49451 63614 -77266 96837 
-90240 -23962 41802 78261 0 68258 -7942 71559 96882 -68102 -92391 6926 -84923 -36691 21395 43292 -31681 -19204 12806 -57699 
-54722 43669 -33716 -28760 -45440 0 -4440 -95797 16998 -39367 85257 -11736 -11749 17610 -44479 -5449 5416 -54667 -12642 41815 
87443 -24511 -41515 10535 46686 -27930 0 -99598 20501 -62749 14261 52085 -75650 24413 81477 -91472 55572 4060 -45691 31024 
-54102 -33320 52020 -8048 -19420 83915 -85931 0 -6897 -96193 52005 -28284 -56481 38206 24362 -21795 11906 -72444 34457 76089 
52014 -71527 -1403 65009 28115 31002 79944 -68891 0 -94228 87330 94885 38488 7236 -24134 39466 81535 -8528 62151 623 
-96710 -58553 68115 -36601 88060 -83184 -89989 66134 -78984 0 94562 -86843 17328 38008 21468 91084 54255 96390 93585 23884 
-17283 11322 -63963 62070 -70687 -25163 -67467 -98195 54053 12996 0 92834 68744 -67741 -25636 -28347 18362 -12476 -61502 82121 
34735 87196 72059 -80019 98273 5703 20799 -57939 38082 16808 -86035 0 73525 7282 65969 -9153 56816 5280 45751 45340 
-81498 -53505 -20754 -69782 44420 -23986 91961 -62115 -17239 85589 -53592 39962 0 -38042 -29028 -59567 51229 45032 -55813 -22372 
-93205 3598 33599 -51571 22663 47184 84815 -82025 24698 37346 -50768 78193 59932 0 37055 92047 -88318 57597 -67293 43350 
41233 55250 -27770 21719 -9656 -36384 -686 78481 17707 -89343 55673 -52703 42421 -74631 0 -38017 -40942 -2559 -73127 -95977 
50992 -58187 96197 -10815 78021 52624 43525 53062 -91743 88957 -21241 1542 2323 77263 -11609 0 47006 63484 -91428 -77730 
8339 -74127 -2346 42669 -21998 -66571 82902 -19137 94481 29584 -23661 40380 7471 89564 39054 -2615 0 -22243 -85858 -11508 
45127 19135 -2362 51906 19112 -17918 57398 61764 67474 11700 54589 62450 -18108 -86556 55934 91064 -92751 0 28376 -97144 
60433 1114 53865 -68414 -85267 -58105 91591 -76082 76389 26199 -56252 -24015 35458 -24455 -72900 56742 -49014 -1910 0 -46420 
77913 96050 -58577 -85587 31582 8399 20736 -57270 64777 81052 -53863 29291 -58807 36683 3699 76004 -48143 -31766 38228 0 
16 7
65213 1955 57303 71068 86080 -68640 -81149 -1191 -27589 12347 31606 95646 83711 63849 -41241 -24556 
0 73021 -13824 -89759 -2059 -57405 -4252 59759 59848 -851 42650 -4447 5208 -55311 88266 -86007 
48477 0 -59301 2460 29532 58020 1324 -53504 71226 5222 -22733 -22944 -18592 -87824 16105 75944 
7596 -98102 0 -38825 10843 24813 21422 -10722 71173 37781 41883 -43110 63627 42874 -33803 -29470 
32022 26288 -21614 0 -15482 -46465 -19037 29306 -96032 -99505 75934 -84332 -87889 20447 -25739 86080 
-36259 13398 35229 70480 0 -54238 -23847 64049 90652 52449 61757 82363 86474 -69808 17508 896 
54320 -14412 -56182 -82412 -27395 0 -26622 92557 -33186 48597 35725 11026 52763 45408 94553 -37240 
-72314 -5838 -5926 -49359 -39437 24055 0 88378 -46309 97590 -63648 -82008 -22332 9723 -23585 64343 
77643 92270 -47929 40163 40705 -89193 61048 0 -37867 25183 -93955 -47870 -40711 8032 67315 -44286 
8177 -33031 -1006 83003 49184 91612 -26659 38510 0 36303 -54774 87074 19476 63778 66700 -66312 
83400 35577 51168 32141 43813 80914 -255 -16542 -29653 0 -26370 94226 70170 98047 32543 -83384 
10548 -5367 19349 -37997 -31418 -25976 38925 -86437 54892 53781 0 1395 -1174 57853 -41520 17284 
-21010 -49901 52888 46981 -37528 9299 33674 -9210 -4454 -86467 -97821 0 -68204 -72685 -23625 -12507 
-27903 -34422 -90859 34667 -25775 -48113 48180 -36019 -26669 -1889 48571 -43172 0 2137 -14266 -92376 
-62690 -32834 -20633 7721 -50971 -44198 -66392 18363 -93839 -7722 89782 -66322 14945 0 3660 -29578 
-82579 -50188 -98387 24729 78035 -48991 54716 60892 41733 85613 33579 -65895 40022 -28534 0 99275 
2586 89610 -64959 98976 16259 -55866 72706 79981 -95245 -38094 -25667 -72735 42518 -28455 34779 0 
3 1
-21534 51722 -78267 
0 21224 -44685 
-4005 0 -1568 
-77140 -97913 0 
9 8
36358 -10880 24826 -64048 32570 98464 -29715 98128 -3387 
0 -39413 -42960 2699 72349 -50564 -63915 93293 -96903 
57603 0 -98029 -37561 78505 -14522 34488 63881 63278 
-28578 55611 0 -7752 -53471 -70909 22748 68195 52717 
-60838 8524 12136 0 1846 37937 30373 37319 -67087 
-79823 -68228 70701 -26680 0 -63611 42315 -8600 10840 
24000 -23406 -76300 -78949 -20453 0 -63645 45829 80869 
-94904 -67938 -68167 4360 15750 -91729 0 81576 49734 
-66458 -53331 -74123 73477 -26165 -64359 26192 0 65384 
52228 -64722 56013 1592 63005 86248 -84276 -62279 0 
15 14
-45698 64244 -62841 39599 -3353 -88941 -17942 28068 97064 19868 741 14852 42566 -65313 94909 
0 -30866 -14661 -62400 -63625 -27226 84632 75728 -43614 -71460 84370 92823 52190 72649 -95688 
99387 0 -54119 60209 4250 -92525 -22042 -13329 76687 72118 -15473 2140 11532 65433 81442 
47719 71163 0 57210 94401 37115 11599 -44602 35909 -53711 -94482 12041 5056 84691 77204 
60937 54507 28391 0 49318 -38265 -26531 67326 -17797 -92899 88569 -80719 60265 27588 -69063 
-4820 93571 46143 -39117 0 57866 -97186 69815 86928 43320 -6997 -29316 -42517 6113 85851 
7965 -16091 -5098 79251 -91812 0 -6662 27992 -1282 98741 -38486 58951 5277 -32003 40738 
-92724 -54948 42368 21882 -41436 88826 0 -15427 29762 -97696 4463 32360 -86748 -87323 -8627 
-10214 75788 -93021 -63782 56083 -32809 58456 0 45506 -22823 -30513 -46853 -17764 -34919 68706 
84156 -60297 -47786 27029 -76783 -49691 36350 69962 0 29912 -44833 -94728 51976 -87249 21366 
-98195 -8894 76404 32678 -56167 6874 -2177 74852 -79397 0 -47123 -72274 96909 42252 60073 
19475 -50658 73467 -3788 -50051 -3606 -9674 -79347 -43950 52506 0 119 -55545 61803 82035 
-41558 -20942 45482 -68382 -54999 -82685 84256 -90638 19975 18475 88465 0 13107 85330 -63474 
36682 39353 47828 55857 -21903 54648 48116 -6304 67238 91881 -23439 -45493 0 -24712 29960 
-40535 -89967 25875 -81452 83611 94685 -27312 -83985 53119 3914 76257 35342 37903 0 19997 
3220 -4133 23246 52433 77564 34305 51618 35534 41595 22626 48364 74232 -17677 75056 0 
10 2
-23433 86228 -18389 4705 18766 62455 -62695 37317 -9994 -23943 
0 -50171 17592 65061 75227 49921 26562 54423 17561 16633 
-33415 0 15443 -27494 13368 -40534 8383 -36909 -95962 17142 
-42026 -99737 0 -97845 80087 86127 -32805 -62386 -81824 34670 
96101 96918 87207 0 10816 17953 -54989 -3905 -64452 95416 
78338 89025 -83334 -3354 0 47849 76426 -98098 69255 -43233 
-1922 -92615 -55708 -32842 27248 0 6756 -38937 -8272 -93396 
-29711 -86763 -28403 -63264 -96984 -40479 0 -94960 77675 -62394 
-1952 75280 -36296 62380 -5240 36567 89987 0 -78631 -90628 
97984 -29373 -37313 -92811 43358 -48336 17726 -52181 0 -83119 
-21326 -66463 -98967 54262 -51399 -55878 50953 -21267 40552 0 
9 6
-17443 -30905 -69256 21275 -19657 33156 -51144 3713 40283 
0 44367 -20709 17328 -89520 20422 79401 3509 -24417 
74838 0 -23987 68537 25543 -56452 5846 -89413 -97386 
44716 -74314 0 59705 30670 -41408 -20112 1563 17017 
74726 82373 95604 0 -98351 -62479 -1239 -62690 13114 
86137 64798 5124 -84319 0 -67051 -22475 70345 -20124 
61695 48254 30073 -15366 -18230 0 74828 92129 -66152 
60808 -65984 -81396 19540 62318 -24376 0 -4972 54383 
18298 240 -70328 -27189 93910 -80632 -59081 0 99478 
89448 -68623 -86442 83516 -63384 -10776 89616 96880 0 
4 1
-87036 -14400 29344 -80528 
0 88411 56820 -45428 
-18843 0 61317 -87658 
60966 -89581 0 16230 
-85540 96604 73599 0 
16 14
-56432 -38916 38052 -13663 78303 -65886 86156 69199 -91099 76636 -14355 69108 13355 -14702 56284 -88731 
0 -91199 -10036 67657 -57532 57001 -46424 12729 -77420 -46023 -86753 88956 81133 -20401 -49076 42452 
12291 0 -11906 45322 45355 68225 -35375 82397 13207 24157 22838 94265 -30866 21067 -19198 39312 
-83781 76730 0 -29561 -92455 54894 -62437 40365 6724 -60858 -34540 7971 4578 36258 -24851 -41896 
-296 51755 25499 0 -92529 -1510 -10719 90734 -52942 -50146 36786 -99433 -85524 37083 -4703 72377 
-82399 59328 4972 69088 0 6361 -33651 92154 -43992 92112 -68217 81626 -7092 -43571 79702 -46950 
-94278 -43267 68674 31965 -24296 0 -27990 -35189 -58248 -35124 10064 -64029 41210 93685 12500 -29650 
-95301 -70711 -41887 22383 -81066 66664 0 -15222 -60591 92580 -19208 -56970 55314 -20293 -91523 -63767 
-24599 -56066 -10444 43900 30058 55552 -60605 0 -56194 -40115 -13892 64515 -66060 -63204 99634 -84291 
49795 -25464 -87788 18682 19614 -23818 -29936 -8957 0 91182 62230 -31397 25491 50014 -41759 64318 
89262 -51989 -45923 34182 -50201 99990 26813 -78841 -78083 0 69879 -34550 22466 1563 62337 -40967 
63859 74521 62006 92289 -24353 92259 35979 -11247 58133 23964 0 -49428 46254 -19221 -56322 -41322 
-13430 -86382 82443 42046 55699 -69001 -93238 39396 81530 -96423 -25565 0 -38792 92923 -70912 -48018 
-41820 -50033 65026 -76091 -72706 36245 58936 58930 -43604 -3490 -29497 -65783 0 -23166 7215 61710 
-14745 13978 -51984 -18845 99881 -50718 43014 -91873 -22187 -95852 -50179 16854 -24130 0 66926 882 
19147 -22517 -20819 44738 -1077 -12860 -66254 81255 -1435 -79259 -74063 69513 -37675 85567 0 1859 
-97199 -37842 -24388 50559 38208 -169 68602 24491 -50965 20451 -71313 -74362 97713 96773 52904 0 
18 10
26682 -48194 -40765 -60677 36965 -30720 -80526 -72015 89754 21929 94527 17695 37092 18090 29258 -40197 13322 -14327 
0 -27870 28426 93158 30389 79534 68834 83823 32947 -3757 -84202 -67785 -43707 -83417 -10088 78643 -19757 -44864 
57358 0 -13879 5921 -88456 44199 -72716 -44578 48649 -14791 73432 -95049 30260 -26249 36519 77940 -14123 7833 
82961 64699 0 -73659 17676 -20834 -98663 -67952 85984 44778 -77063 -39375 -36193 -31911 -44628 73845 -47038 -73633 
-21591 48712 -39751 0 -98818 84024 82193 -14900 72718 -54079 91396 -99811 79683 -43488 22378 -75544 -25199 23848 
-51186 6526 -1452 -58602 0 92349 -34001 -57958 6348 57029 -5245 -37324 15540 41385 -92224 32895 945 -76812 
40520 -23656 -27214 15677 83449 0 -9564 -83655 76086 84476 -99073 77996 26708 86614 -61699 3273 -21158 -38984 
-62132 -61335 -57381 19925 -76584 -25987 0 -7481 27067 -50565 81469 6416 -88536 -15723 -21959 71991 -59321 99074 
-77844 60112 21391 -62620 24061 62899 -33252 0 -347 4727 68045 -93363 91120 -25728 -8780 -63804 -38022 84598 
-91734 18723 -80151 73200 -22014 3426 -98823 -31071 0 25067 58093 -63971 79481 -58003 95633 -53494 -53209 -78459 
-86714 -5216 -14828 -34388 95199 99118 66291 -94146 -2289 0 27768 80012 19115 -173 -29980 10145 -34294 57993 
17262 -69671 31602 -95022 31073 26384 -12295 -17777 -37485 37097 0 40985 31300 31638 -81093 -69464 79498 18008 
18035 -64567 27335 48879 -78297 67561 65745 -14250 -76115 -41343 47553 0 -46694 -42874 -99884 -97976 6222 65269 
-89096 63919 85522 21438 30476 94543 18982 80694 -85475 87185 -84021 47063 0 -12120 -28423 -26687 -66252 10472 
67738 81050 45318 -33282 -27766 -96622 -108 83899 -31069 -4142 76053 -92323 -8915 0 38095 56860 -76484 58888 
-35077 -63348 -93639 -52433 -83305 43452 13275 -97631 64284 87651 67221 -19791 -47416 32848 0 -54227 28358 35147 
73679 -81584 14491 -67513 23663 66973 -91610 79850 35112 -1515 57854 1298 50545 4727 -18498 0 42761 47165 
5118 23216 26059 -53361 86822 46262 -81438 86137 -92031 67940 81314 -17499 94809 -17048 99646 -13263 0 -7487 
72891 97793 -97906 -58203 9308 59206 54039 68188 19177 -15757 -19206 52406 15772 -74784 85976 47890 -71588 0 
9 1
68408 -28978 83912 22350 96103 18224 24989 -8202 -14140 
0 6329 91303 5996 47730 99914 67328 32891 36365 
71716 0 -97204 -81462 1780 71961 -10626 69702 84281 
68557 -82204 0 -59360 -1479 -91026 -45664 70408 -79376 
-40387 -27185 -19269 0 57163 13312 -87212 6953 -74650 
-66661 -18446 34561 -29479 0 18184 81248 16364 16034 
-89445 92112 -80795 -42141 66399 0 -39212 51312 -82284 
39563 -22444 83350 49744 8252 -11786 0 -15768 -12258 
-28578 -54985 58997 17650 26457 -37090 -93407 0 -38336 
19024 76502 87742 -84845 -905 -98541 66136 -42394 0 
9 8
26784 -89453 21496 -29224 81445 -69423 -40840 -25792 -98807 
0 -9315 -17219 98012 -43240 -82655 26653 2058 -64406 
-93267 0 -96624 -56320 70421 14030 81367 42807 45325 
-78024 -19399 0 45464 -38558 -88078 -55457 90966 -41430 
29645 -30611 -5077 0 -36617 -89013 49938 -72795 30614 
-10736 -84816 32857 -78684 0 68756 -64765 -82505 -18759 
-88 -84437 89630 27837 -40389 0 21713 -29060 -5612 
-72553 -45156 28105 -81423 -81830 -91328 0 78458 -43312 
-44837 -46492 -33331 -76632 67847 86945 -70516 0 -72681 
90454 -60452 86782 16463 64165 -65313 32257 46883 0 
18 4
-4909 42866 -94427 -93735 -92327 49741 64976 -41625 81003 -18848 -23707 54703 48658 187 -79163 -76695 36810 96319 
0 40751 94584 -25338 53176 22554 95822 -46850 3223 -36139 82508 50092 22615 62024 -2525 40230 -82793 -47334 
-79759 0 -40120 72231 -31441 -73865 60828 97535 -19316 27090 -78837 59916 -88594 71415 2949 -3091 97179 -51682 
61084 63575 0 80090 -45275 -68263 81974 -65107 -75904 -36872 4917 59981 -65689 -36509 42891 -56400 75167 -21868 
-40820 -34313 41737 0 -95009 -23043 -45105 72196 -5698 -77220 -22311 -37950 -51210 -76890 -59962 -20759 50472 40521 
-9150 -41635 -14214 -22466 0 16473 -5566 10971 -84320 91206 28756 480 -23729 23165 -87319 76151 5703 -86394 
-87658 -70669 14548 -7137 -7326 0 -25103 8182 -39371 -63048 51341 -80485 75719 62832 86462 81003 -5576 -98735 
-46990 59695 -30360 -71002 69231 -61335 0 -90618 -76487 9332 45392 -19983 -34452 -65257 3620 -66650 -22038 -35687 
-92265 28795 25974 -15323 16109 78904 -40254 0 90371 -63849 42364 44202 6645 -25834 -40073 -57006 73510 -28707 
1413 -49355 96518 16615 32678 -73774 -31457 -64314 0 40259 11073 30224 44207 -10647 33170 -32817 -24149 -15072 
17865 -51343 -84962 39598 81975 38310 23838 -30682 -93582 0 35732 -26576 59600 77970 -30474 -99146 -53820 27379 
-91677 -68879 43502 -31506 -80628 -93265 -90990 16000 32138 -44798 0 90169 85938 93174 48447 46465 -33726 57190 
-52025 80606 -8368 -69345 28497 34825 48827 -16363 12602 48472 47073 0 65081 32822 -52390 62838 -12345 -16786 
-22588 -26821 48166 13906 15620 -43848 3689 -46936 39266 -3602 -48726 -73693 0 -75336 -72604 -77648 84467 -56895 
92721 -10207 -45923 -48121 -59751 11292 -66559 73043 33848 -59718 51703 -76792 -66238 0 61893 59609 -23551 60335 
35588 35883 -45941 -32615 82671 -4525 56336 -88327 -52310 -65662 -17879 79251 90458 41439 0 -31958 58398 87941 
60179 21847 69291 46163 23076 -27351 73457 69926 88703 30951 -14914 52357 41993 -68067 1104 0 -92975 16386 
41060 -36166 24243 -75676 -29195 6712 -88999 95084 22585 4781 93335 24969 21492 77813 27061 -96494 0 92966 
76219 21759 75361 76959 -4298 53328 35578 -9213 97001 49695 86896 -7369 87338 12275 74795 79080 -85850 0 
1 1
-27346 
0 
20 3
17112 -18487 23359 11261 -29841 -74248 99788 52665 5898 -94210 2413 77911 -42998 -11255 53725 -31916 15180 -95990 20361 38816 
0 14918 79075 -47623 -2451 80491 37532 -23117 -58356 -10161 67767 57522 -46431 97420 14852 54640 -11310 -33379 46646 -24911 
-24623 0 -32917 -61697 60722 40354 51653 78661 18842 64285 -92719 95969 -54467 -36580 -68925 58738 56397 8179 57416 97454 
-8104 26606 0 80242 40479 98727 28437 41089 92401 8585 99097 -1861 -69646 87750 -48340 -57669 -82415 98075 -35267 54144 
51700 -63392 30536 0 -38898 16490 -7066 -20728 80865 -63011 24359 -46813 87132 18035 18059 54919 71061 -82917 9998 31573 
-34939 -19089 -86010 -18420 0 -43980 16654 -9300 -80541 43482 -90504 -57328 -29319 -32701 -71105 -29291 -5830 -82661 -86710 -46968 
22393 8675 -69196 -72398 80941 0 66832 -92616 85854 9710 -567 54109 26323 -18940 -8637 97650 30578 -93287 1406 62811 
-41414 37777 -2880 -86334 -85166 -61048 0 79928 -50222 60587 6730 -71563 34733 30137 -9391 83105 -73988 -2706 96947 -41850 
21251 -32435 -19945 -20 -71537 -75856 -10156 0 7037 80527 -37773 -55850 98103 -89283 59544 -8343 5779 85252 13532 -50592 
-61019 29010 30087 -67487 79942 -76807 69176 69208 0 37119 -95372 -45254 -90742 22752 4662 15154 11110 -1797 -60553 68363 
47472 83243 83510 22627 7710 -25180 -22101 -36254 -23630 0 31300 15191 69806 87084 -78539 -83527 55702 67763 -2290 -73348 
-4382 11866 -57027 -1468 -98136 34661 -37612 98778 -91356 50104 0 -93200 6233 70262 86390 -10095 24511 -39474 -85713 85352 
-79528 -12930 72346 22722 -98757 58621 -13373 93878 -88644 -37801 47593 0 38056 -85999 39471 84902 -49789 -70109 39370 -74089 
14204 -36109 -46446 45972 6367 41065 50255 -15592 80170 29573 -52232 44527 0 93316 -21871 -39741 32165 51714 -97069 -27987 
-66177 76448 91886 73735 -37929 -24727 -15898 -19841 -85509 -44226 39552 74793 95074 0 16069 97020 -36849 17630 -24403 79940 
5033 -58545 71078 -67114 -97825 -82126 72344 -42865 -53998 -66510 51423 74543 -1032 26467 0 26583 93550 -52717 29542 34835 
23199 76369 -18710 83042 -16076 41701 2276 43120 -40596 66435 23840 -18326 -26948 72960 -94672 0 82691 -79111 -18992 48288 
-91700 -9899 93806 -96337 90021 -56171 21341 49338 -98800 -33826 -10049 34659 -27531 -46517 -66491 -4537 0 81330 74210 -82291 
60043 44392 50983 56483 -93235 10214 22793 -29580 -62592 -16055 15733 7694 -42962 -98672 -80972 94848 -51743 0 1807 -34589 
-32291 84579 54619 4258 62970 58362 -93531 -85934 68024 13891 -17299 -33393 -46787 36722 -12790 -75110 87237 -82305 0 12843 
37048 95395 -10806 78578 65889 -15540 -89366 77861 -12915 84358 7135 49647 -21933 5714 -27743 -12606 8056 -20597 -72100 0 
11 5
86860 -14643 -52750 -85604 -31300 7200 93877 -86789 66804 -14785 53248 
0 -67154 28007 90562 -94314 -27885 95436 -51617 374 -53700 53631 
-1308 0 55420 -14745 -64161 -48948 -68250 -11197 -41589 1486 97786 
-84281 -72273 0 -42143 70471 19276 42091 15794 -34109 -5775 -79676 
82705 -55165 75992 0 96098 -38592 22106 30857 19478 -30612 1437 
-56466 19920 -80141 83832 0 7777 -54766 -48519 -93649 66326 12279 
-46322 78454 65827 -42519 62617 0 3022 -90500 20168 -32357 48289 
-10872 30841 5974 68015 -2951 -6097 0 33905 79852 -42212 -2017 
-8946 73158 77781 -65355 75599 17291 -41927 0 48438 -49267 -11364 
2766 -90204 13392 61088 13618 27773 -79820 -21543 0 -19443 -19990 
-23793 -75124 -6348 -31244 65657 62059 -26775 95116 26452 0 -32195 
48463 -50789 -66263 81013 52725 14579 52985 -877 97014 -72653 0 
15 3
81341 -23769 -79088 17090 -71151 -90350 -94143 4628 34535 38176 -34849 -6072 78036 -9709 -29238 
0 50017 -31981 90673 -95296 -87318 84430 5748 67313 -38959 -51295 34933 68081 32084 -22647 
3047 0 38748 -74618 -4097 -90334 74831 -11379 -58084 -81262 -34641 3176 -34430 -23489 -6749 
31284 88107 0 62895 2834 91513 -99424 -56475 -33525 16195 -44918 -94728 -11180 47827 28763 
5755 -61728 76029 0 18168 -39277 76018 28519 56182 25390 -64417 -19228 -42383 -44161 72915 
-73 -89014 -88855 43454 0 17265 2560 41963 -54463 -42205 -35417 58438 -97006 45338 -38694 
-35148 -83449 3709 71710 -85140 0 -96170 38079 -94554 -43130 36991 36740 -3064 71743 -873 
-66248 -33457 42309 73056 -4676 78914 0 -24022 -80974 -34322 -82868 92148 -88410 95836 -53840 
-55767 96528 51642 -53233 -98111 55300 -61532 0 59304 36992 89835 -61385 -47862 -91387 -52248 
71229 -13949 -73325 -61499 85891 48156 -34470 -28066 0 -34870 -43849 68985 40158 95065 25590 
-253 -89997 -31910 23774 -71520 -29450 -45036 -71850 -58406 0 58359 -91093 35109 63556 -95743 
-7900 63688 3295 -40073 -1494 90602 41604 65051 -31437 -75212 0 -76287 10474 86264 -38724 
-1570 -94335 -54358 -68780 -22052 94164 -24605 33538 -63673 89216 -92142 0 14703 -73435 -41637 
55105 97989 -7648 78724 -36436 43347 -45866 -87075 99975 66234 43977 -29634 0 98049 691 
83904 84254 32387 78044 -75169 -8730 -13019 52520 -81635 61251 26968 12537 19853 0 -60661 
-63617 -15022 92227 -30407 -82841 -18319 53633 16030 88544 54368 -29699 -66665 41056 73220 0 
4 1
88588 -48387 -34445 -13901 
0 -20617 9845 70516 
-12634 0 94034 -98490 
81220 94470 0 -89095 
-60492 -43726 11351 0 
4 4
30812 85280 4219 96715 
0 -48503 -61464 70121 
-61215 0 -14711 -61362 
78946 -10382 0 47796 
-6422 74239 -83030 0 
13 7
-43803 -27099 -19945 35613 78854 -31420 -88254 -88532 24058 -72316 -11102 14953 -46759 
0 3613 -41388 16849 27073 18676 62976 91817 37041 -77985 82646 -198 69256 
87165 0 94630 48964 45704 -51559 -98571 96767 41124 -43349 17397 -48852 -58379 
94320 -73 0 -31601 -26564 -87902 1748 31872 10161 99436 -72497 -12939 1266 
-50057 -82049 93595 0 -62447 36444 18277 -20909 94363 60353 46550 -59205 54779 
99307 -92992 63673 -37847 0 -26072 74793 -13516 10915 -28178 85266 50864 25286 
-36703 -31018 58031 18714 -5982 0 2409 -3359 426 49313 52640 -77526 -45353 
-62474 40670 70296 -89621 57211 13047 0 24788 -57961 -45784 -78238 -66638 14536 
69851 -77126 97084 -34934 99304 -81160 50459 0 16270 -59848 22396 36345 -53166 
34865 71924 96805 -71946 43993 -31047 -60563 -78354 0 28776 6295 82011 -46835 
-9578 -67271 -72091 -62516 7651 -80476 -26877 -93735 64236 0 13742 -60713 45159 
52835 -9342 99903 -84655 64711 -27920 -46640 8019 36713 -33216 0 -37899 13093 
-53433 -76236 47272 -9937 -84697 37881 31792 -52566 -7829 -82576 62134 0 -73592 
70279 72597 58694 38688 75298 -55500 -70825 -4811 66309 -71481 7234 11815 0 
11 1
-57602 -43836 -35718 73217 40611 38245 -9240 -38252 -56831 58605 76694 
0 271 -10795 60953 -4605 54132 -97942 75010 40202 30500 -9921 
-13742 0 -4675 -10103 64748 -15362 76939 88865 58553 39802 44920 
-3273 -22621 0 51388 29458 38361 -64116 9336 17369 -96971 -64866 
70623 50773 74029 0 96222 -20542 -32636 -23899 71337 10553 -64804 
45265 -67082 96612 -15742 0 -42189 78577 -7894 83159 7461 -47931 
-84244 57651 -46262 56284 73812 0 -45047 63159 -81603 89285 21978 
-73464 27173 -89710 -9209 18362 -16412 0 -94685 44902 78726 36604 
25005 10559 -18799 75509 -20920 -47285 -98365 0 -92671 -5737 -69439 
-13435 -31737 21479 -43753 68198 63997 -49059 45762 0 83427 -13370 
23236 -40246 -31190 94170 88387 26482 11215 73887 33688 0 -64288 
31814 71981 3242 93537 82941 1527 -53032 22572 99891 35886 0 
5 5
-44456 -22360 73550 -69460 -44861 
0 24535 54362 -42106 65498 
73355 0 -23236 96530 64930 
57007 -67254 0 -15845 -23803 
-78189 7070 86370 0 98022 
-79383 59259 45942 49899 0 
4 4
19994 154 -26261 -63534 
0 -3867 -32511 -57655 
82920 0 -69306 -33855 
79667 -34127 0 -56724 
-6097 -18745 65632 0 
