1 1
95486 
-79475 
12 12
50318 -22574 -90978 13205 21451 25445 5992 93532 -87333 62521 -97109 25344 
-23227 56158 -70318 33755 -35415 -32786 -44942 77550 72042 77293 47916 42514 
-64851 -79119 -77819 -70393 -71904 -59928 18928 10796 -52901 -57246 -6374 -86430 
90818 -73228 66810 -3433 87665 33031 -48191 -2342 75662 -11633 -71453 29085 
19588 -20440 -53369 -2675 19701 56181 88709 -64263 -77728 99566 -15543 -58843 
-42845 -89833 14922 77100 65711 34898 -91108 -27805 -63334 5118 14840 -37161 
17405 56674 -20652 -46012 -41070 60179 52498 53191 58714 -11760 44979 4783 
-37552 36441 60455 72440 73105 16572 -38720 -44833 -49341 -28779 14513 -79013 
-33301 -6982 -38799 54250 32900 7345 92262 -35928 -14576 -9217 -56599 -29157 
68296 -70606 75533 66070 49310 -14523 37522 8785 -37880 -81685 -38343 -83242 
-85658 -61182 -24650 -87531 -51445 70629 -50668 -47229 -72973 76536 42835 1539 
14811 -55616 -16586 -81664 -79171 -92958 45347 -31492 74497 -7035 -96871 -42947 
99632 -22577 -66740 -66989 -69366 16883 -4230 -85601 60496 -54059 22515 -93375 
10 2
-2568 -82991 -86964 84171 39628 8039 -28395 42861 49138 59578 
-69194 95761 38315 -39706 -99592 65650 92721 -90152 -68184 -37359 
-70131 23784 -23924 74513 61448 37764 -58248 57266 69500 35236 
42489 -9405 -97290 -43271 -50881 33743 -5905 1528 -66943 -29119 
-40905 14981 -55968 16754 -97521 -25977 45401 -27156 5842 -59497 
53791 24681 -5876 42135 97914 45738 -95982 9843 27908 -55902 
-29135 -55102 -70535 -85248 -37837 5875 30474 2593 -27785 3099 
-98682 -59261 38733 84887 66373 -69917 -80311 6187 91269 73930 
18057 -86173 69415 94731 -61448 -86039 12828 -8477 51300 -53107 
-61335 2314 -26417 48466 75090 -53112 77534 49183 14330 -87188 
-90200 -67662 17022 -40850 -41292 67524 18029 -93393 41179 -24050 
2 1
75605 -35711 
90376 52263 
-81271 3582 
19 16
32821 77032 72643 -8080 -58073 -88619 69391 77637 -64797 -33227 -31693 19946 -817 -96321 -60359 51403 35519 -72400 47698 
-24760 -65312 -5316 -4147 76660 -42828 -81455 -61444 43242 -77969 -34858 -28428 28890 9701 68374 3418 -57521 50329 -75080 
63299 7735 -72802 5659 25897 3317 1505 56695 -55557 -91338 -11701 88392 -56808 89286 96636 -46317 23457 -5311 20412 
-62306 -97513 18817 -69945 35577 -37086 54508 45616 34000 49861 -91337 -47478 20063 42467 29951 82330 59183 54826 23167 
-75999 -93747 -82050 912 88321 -68143 29915 -69138 -49472 22517 -72301 54141 87974 -10453 53450 46853 91788 27361 65200 
-22828 -87253 -7995 -62741 -34903 40226 -30184 62459 -97402 86886 42064 -95597 14014 -90211 -87705 22051 -66752 -62692 -345 
-31565 -67615 88328 54735 -56265 36528 14010 44216 85855 53755 -36450 -4176 1666 96763 57768 -56275 -51017 82319 94985 
85068 -52093 23518 71725 -32522 -1679 67114 76569 81477 -57275 19683 70 34041 -44913 -625 -61911 -38892 29373 72662 
63545 -5389 -28266 49723 15339 31755 11437 -88699 21134 5444 -72812 39729 48039 -12839 -64699 74117 -12259 -36096 54024 
-2636 50871 52684 35407 19053 38647 37600 80033 -14887 84040 30725 24894 -75088 17839 -20252 -96198 -11790 81049 69791 
-82699 -33829 -6774 33586 -96871 19258 -3030 -39049 -95695 92002 -10052 -73508 -46543 24447 -51543 -85990 -38663 -25338 82116 
92698 -45870 -32355 -33418 3440 -27456 42039 -10545 9319 -90872 6679 -5190 95642 84830 -51350 43746 -10601 -67820 -17669 
479 -97968 90148 59541 -29301 -78934 33743 58011 -60287 -2082 19686 27056 38952 -16782 57323 75191 2043 -4526 46887 
98533 -21476 -19957 -52556 -80393 -22187 -46406 -74156 -47440 -46118 -19703 -22027 -50231 -41467 4927 -890 -70376 -58497 51181 
-25122 -21022 -41516 92754 -5229 -85017 -95079 98929 49712 83019 -96157 -62384 47013 57674 -1662 20550 70749 5474 -9104 
44713 -98467 36909 -55427 -55329 55523 -65703 -23358 35761 4039 13201 73670 -44825 -65411 52005 10733 552 87325 64404 
69257 60534 -67533 19416 -1689 23483 -80144 47415 72446 70424 16963 16903 -13987 96883 -86937 97163 8761 86215 -68927 
31313 46297 -71501 -12044 -6533 80450 -60413 -94874 -87094 66834 13842 88563 -25559 66632 -13536 47577 -55592 -74969 6064 
-90980 43251 -25314 11906 68936 38200 34002 51645 52538 -60168 -73106 -69761 48827 74972 38617 80220 75699 89854 -93016 
-8430 -78498 64320 28508 -67755 4618 -33130 63160 -84209 45313 61968 58465 -48695 7811 19032 44089 -53872 49203 42041 
14 6
-84821 -95357 -33146 22276 -96348 -71003 98201 37046 95854 -74157 42784 -90895 -58779 99253 
48368 86319 43750 65079 59578 -96270 6139 44426 65932 7210 79401 -86884 -16739 56476 
99609 -93407 -35940 93 -66057 81023 7085 81108 52225 -39875 1391 43830 3566 -76567 
78422 -78479 -65567 88965 -24886 32637 92037 -36584 90011 6297 -77008 -48379 21073 76995 
51053 -75214 -9059 -45713 19717 81635 -35704 -8956 -9633 -12643 -57685 -48916 63982 -42152 
-66740 -48118 -15101 6074 -98754 77697 -49879 -37502 1177 39706 24383 19794 -98559 21205 
34206 -9776 20323 71741 56696 74432 28262 -66419 -33874 -26498 -82910 -63104 47521 -30330 
65815 66641 31941 -97910 66223 37719 -56846 98102 -65438 -12335 -89997 18449 46513 -84721 
17459 -69142 -50825 84509 39280 35507 -80348 -71837 -46476 78761 28554 25609 -54264 72947 
-53505 -98579 71576 -67190 -60020 37306 -81356 90648 -71888 -74737 -17354 12650 -23933 61550 
-84838 -31148 -68125 45488 73274 -82272 -56392 64487 -33435 -90416 42321 42054 92764 -28214 
58388 98643 7349 96876 -14872 -45290 -67735 -99544 -44983 17092 -58890 10563 84585 -85011 
-30041 57006 63841 -13154 -23278 47995 18689 -76980 -35540 -27846 26030 46984 58556 40415 
-31782 -74454 -70856 13187 -87558 90291 -55139 97523 97460 40554 4299 21122 -73437 -12096 
82383 -67325 27590 21755 -50279 40778 64043 69166 20072 47263 -31561 81545 -62858 -72862 
9 9
42695 51917 -78353 -81955 88999 19621 85883 51724 -70189 
-34831 -70768 -57313 -62209 51160 14888 -92301 34888 -57200 
-6322 -58266 -3333 -32852 -65098 -93877 28350 -41315 -14116 
10760 -98060 37860 -95894 -37259 38959 -27089 -709 -19064 
-48030 2407 -4354 -83211 -30537 54797 -76955 73933 -69318 
-40234 33003 -63844 61352 38 3554 -65843 -72585 99145 
41882 93081 -77491 76321 71626 -18877 7712 97668 -15141 
71412 -36739 81754 71816 61912 -78587 81534 94245 27073 
-74237 -63114 -4781 62488 -92741 19224 31667 34867 4135 
-34533 39286 40071 -18989 56630 75467 30028 -56604 53648 
15 14
92553 91801 -8378 -52102 -61348 14123 11325 -51142 -56974 20325 65112 -20637 -78569 -21998 26503 
-80324 -90670 -44975 -66840 -12471 84947 -68845 68871 -95682 55816 -25176 -66306 -24953 -11437 -37629 
95401 -70339 -68708 -64728 -12704 49622 48934 -9799 -54966 2704 89226 -51543 -76036 51722 -31254 
58191 -50406 -19127 91937 -9903 25247 -42555 93581 70218 -3982 -463 79187 72818 63054 -31469 
-27693 -41025 -28564 -46346 41024 -71733 -39546 -13736 55448 -76889 -55714 53292 35549 38758 -55125 
-92394 92970 -54643 -47609 42562 -37812 68126 76212 -67559 3076 -54048 35760 -61549 -56210 55580 
-84540 -81622 11318 -35045 -48234 69371 -91035 -27919 25783 -35218 80335 16803 -84297 -74729 -8867 
-94519 -87992 46905 -33739 89259 78187 -85128 70822 -28372 -25179 -41725 93062 70745 -33642 94612 
14472 31381 -89799 -64468 85145 35918 77207 -64276 -43378 31171 1132 80685 -53108 15294 -78780 
98464 -15350 50301 47510 -72524 29952 -21784 -19608 -10311 -30197 -82086 31762 45414 -5643 -66544 
15920 34069 44106 -32603 90771 -74419 37071 27488 -15077 55635 -62341 46955 -57671 10349 25215 
-87702 -93864 -47898 43195 -49612 -79256 -30212 -92720 -47016 98012 22482 7918 31347 23075 192 
-80549 3660 21646 42139 87127 -49001 24518 -60163 64939 -14729 15503 34018 -27669 66453 -93877 
-3575 -10835 -23407 91492 -31463 87714 -70122 -80789 -67430 10898 -20147 89863 -29808 70893 -96734 
-82673 -23602 -50248 -66967 -84165 -43999 82967 61163 14841 -3279 -37195 -55233 80386 85346 47668 
64255 -65054 37870 81769 -74503 -76284 13654 -74817 49093 -68583 -17388 37346 31925 -59286 -70521 
1 1
70475 
17729 
13 5
73115 31977 -97862 69323 5290 13297 44143 -42510 68916 -16872 27488 -66948 -15525 
-90692 -7663 63812 55409 55615 -3813 -36731 -57975 3979 -36608 -87373 -45503 -53208 
88769 68315 -12423 85756 556 86920 -39018 -77328 45425 -70517 -17728 17475 -28429 
26762 99269 88016 -93383 48398 -87879 -2937 37490 -46810 -68295 -28924 -57191 -33916 
51783 -36227 -79926 42786 15771 -90621 -23385 -42459 -30171 19552 56044 19664 2087 
-96567 -48395 90548 45681 -11308 11264 4988 -62858 40063 85126 -29034 17906 -27944 
45207 -93868 -36407 -70774 -51466 -38584 67832 -40883 75840 -76589 57170 -99234 60745 
24698 74737 68143 -42368 15577 -14299 7015 -42099 -23471 78796 35772 -37895 -36854 
-81883 -41095 -76969 95954 12268 -15521 18225 16146 99296 -83220 -62400 -39420 52721 
1485 69095 -80678 -68944 -15302 25754 -52152 28658 -84294 -35232 84873 -60154 -28017 
-19232 -77525 -59302 37875 68983 66192 46286 58868 -59717 68529 -78975 -81742 55771 
42024 -38976 -39232 55498 -42875 -15592 86055 -53998 88151 -13059 -19367 -17580 23908 
31451 87028 -82986 34140 44204 50650 -80041 26633 -24768 -1982 20471 -38497 -64548 
75525 30783 30127 -37450 -23261 -30617 53534 90930 -82340 6281 -19113 18891 -77961 
11 7
-52761 1213 68237 82627 -55452 23933 27210 -94065 77245 8869 59141 
82776 -95016 58606 9629 98377 54578 -66829 91519 41196 6812 67788 
78918 -34828 27398 -56359 -8018 -22937 -22891 -5831 58959 90667 99733 
-35655 33664 43475 68456 -76712 -93173 -63972 -38710 -86870 42250 -72652 
74246 60535 -67706 -12590 -20272 75636 -63235 54790 -91851 -43242 -35934 
8393 34046 -90051 32500 -13468 -8422 -88636 43387 -81219 37298 -52195 
-23583 -13951 -14426 -53232 43781 21440 53908 99519 -39076 -44200 -88426 
78796 54663 -23857 -31130 -65006 50611 -88223 75997 26185 -79741 75601 
11612 85444 -42394 96314 -892 28092 -12476 17816 -28107 95289 76654 
36337 -43761 77528 27802 -62239 -23424 -27310 -63823 -31756 69301 55731 
-41538 51252 -21677 -22894 -68649 -88769 -21681 -23078 -83535 -35725 9026 
-98209 -2036 -61225 30435 26213 94595 -60474 39176 58477 -16228 91433 
20 4
-61499 -9931 64431 -38995 59006 -11209 84779 56056 59471 -33422 38233 61493 -24369 -16363 -57827 -28605 93330 -76226 78021 1865 
-22273 65656 -62454 -6897 -33171 -59636 930 -21428 -4241 52963 -48597 28925 95847 7891 -22307 -65194 -58047 53310 -43274 -6364 
63310 -70240 -87316 -43719 67394 -33172 51922 6024 -43667 83180 -2469 29637 -50259 61025 83984 -83843 58316 -45800 59127 -5713 
12237 -55659 13885 48091 99539 85987 -51629 25321 54073 -57112 -31587 55356 77298 -49321 -47834 80258 -56642 46092 18814 76811 
-67935 -13420 -33795 13879 -23897 -32256 -5727 -99564 -68501 17327 16476 -52479 -72575 49664 -86142 40693 -50955 17773 19325 -66005 
27550 -99103 -6551 87323 -74682 -4292 41863 -41320 -5124 -69723 81415 -58747 61326 54212 76816 -61079 80680 -83114 1759 -5888 
89870 2933 -4112 -46150 11939 12641 18283 -2855 36230 19515 49684 -66228 -74578 42796 -1262 -89160 -46168 75760 22144 -95238 
-41860 -86934 -12791 -87125 48448 63529 6491 63517 50499 -9224 22968 -17171 -25170 71433 -15609 -79827 41738 54127 -52129 -80890 
21021 33191 -30055 -60204 73550 93568 -52926 -62920 22268 -8765 52378 -64538 -44375 -57140 43753 3050 -42599 -35571 -63887 -73572 
-2054 -25431 89420 -94524 -17099 42617 11225 43924 -93629 -36448 -30942 -71632 6614 -81364 66997 -997 88370 -34717 65899 -36956 
54000 -63510 69509 -96214 -25303 -27128 69714 -78024 -50858 -29344 -23944 54675 18459 -12932 -72815 -25789 25189 99334 26527 -80808 
61326 75280 -46497 -4298 -16844 51972 74321 -80516 47674 36475 59746 -59008 32586 -1623 -78147 2897 -16434 68529 58878 65771 
-27239 -90678 58380 -98674 -88109 1311 90749 24850 -74116 -12621 -11049 71685 -7237 93863 24162 -86378 -84365 -26060 -12425 2629 
-85169 19928 -15201 -28746 3347 -36038 -79670 -69912 9818 -52778 82259 62422 -69859 -32172 -14034 -94327 -95508 60393 37114 -51156 
-25208 -63128 24371 42430 3779 91765 76919 -8114 61351 -20391 -19325 65684 -92284 81560 8194 74848 -60624 -69227 9792 -44380 
73277 -14339 71508 25202 -3325 -91447 26403 -45162 63595 -86335 -89291 54717 -31262 54334 91152 -18961 77987 3563 -2369 322 
-8964 30604 11469 32057 -45403 74972 10580 32925 -74113 -11875 -1159 16987 22180 -25351 9635 43863 -95321 45516 -76145 67313 
-54978 536 -69688 61776 33638 -35859 58521 44577 45389 57980 19859 -83060 14538 23615 86918 -95554 -92124 -67029 57588 91709 
-60257 -30584 -73010 -44308 -25624 -63485 33999 -93581 66543 60530 60990 25475 -52904 -16684 -61061 69481 -9180 93109 -59386 -51427 
31213 -58695 46994 -42245 59070 -26891 24898 79758 24437 2682 -33876 -49131 69129 -27900 -35377 -4638 -81607 8243 44805 -10822 
-20537 71335 56837 -11200 -7340 -70563 -98429 48667 30748 5340 -91407 -71916 72819 35824 -29116 -97629 44820 47262 23344 -29482 
3 3
63217 -88539 -19892 
50665 17117 -27603 
24053 10993 34808 
7650 88391 -59107 
16 12
-58149 -93843 -70225 -78365 -20824 71689 88873 51619 57066 -84459 59194 -19955 56763 -37695 -50106 92749 
54065 -94301 -79253 10027 -13907 -63114 38942 -77260 8450 -2931 49925 -48189 -89459 95461 32263 -16767 
88245 70532 -28384 -13058 -90206 14222 53819 16138 -15623 69504 -10766 -91795 -14266 34354 71316 -51391 
21250 9170 47053 13479 -35222 42332 88764 404 -77629 -49527 35827 -3185 73862 5434 -67444 34127 
-77505 88018 -82881 -2494 31777 -35895 38612 -64128 -79518 -9190 -63847 61461 -97961 -65171 24857 76513 
-38643 67839 -11080 -43778 -23316 2991 29300 25488 82894 -65149 12863 -26348 -24799 31560 59078 -64609 
44580 -5745 -10093 -58879 -8135 -14207 -1324 -83929 65809 62876 -72404 -49230 63580 -17898 -54589 -49652 
-22199 61395 40604 -61017 18178 -70676 35332 7933 -48745 -98591 48901 84734 -48167 73886 -9036 -94711 
-9419 5865 -75258 -78934 62996 83192 -88251 32061 -43736 -48699 36795 53693 30425 17615 89905 89697 
-32220 -16041 -917 -17313 71064 58031 93706 70546 -28016 -11352 42345 94885 -53883 -55310 19138 -33759 
9649 76916 -50834 5434 22360 -18949 -79774 -19980 73858 30434 -31104 5505 99504 52796 -99589 -90794 
99432 2226 -20242 35070 53064 4380 48423 41407 23148 23732 -2233 -78362 -46926 -28640 42360 -59952 
-75783 41344 933 31265 45640 69671 56017 -3310 11786 20039 61043 62070 -9347 63508 -84383 69514 
-97058 45686 97578 -83138 -88778 27333 75663 29008 99159 76675 38301 -73947 -64091 94642 89731 -49196 
38076 -37573 20502 -28962 -6060 81678 76755 -58987 91944 -73098 -16495 52396 -564 -96365 -74903 52564 
47992 -48949 -83849 48933 -37197 -48452 41200 -2635 30724 -84655 -67552 53747 -72688 9055 -84517 -16116 
-75478 39897 89607 -60011 90789 -56821 -22621 13816 -14092 37609 -90063 -10720 55512 -56017 18742 98467 
9 5
-12338 63548 50879 -11197 12183 -82156 51561 18273 -36542 
52725 86871 -72701 -6782 -24034 62222 -11572 53251 -30300 
37294 49965 90951 -90540 67405 38741 28079 -86630 -23905 
-73818 5689 -43723 -40230 18840 -94215 25951 1331 -18405 
-70671 28175 -45130 73908 -92267 -38465 77847 63287 59254 
-18081 -93082 44761 -15098 -44851 88597 -68594 50367 -11708 
-72838 59478 -1813 71003 54599 -52155 -91193 22754 -55131 
-9159 67502 12027 81049 -68746 -7550 19978 66662 56655 
41592 -22414 610 52667 9137 -40076 -19315 82058 -22742 
73330 -13281 -13411 16436 -17430 54819 -43296 83902 29325 
14 3
9278 -36094 67255 62753 -91701 -56805 16790 -45402 42722 32262 23051 -255 86734 -36227 
60608 68531 -34295 34588 28900 33653 7004 -51637 69380 -17464 -81260 -74983 17542 -90996 
-92571 -54750 29794 51582 97225 41121 14678 87246 6952 -27540 -39429 24271 888 38656 
-97481 -70695 -54813 -2707 50583 -55322 -60855 -51315 -61552 23465 6931 75968 -10458 46460 
-96722 50627 51393 -48090 -43818 62776 57553 79433 -25385 54086 -40457 -11075 96701 -66345 
-14909 -35174 82453 -97553 -64260 -33934 92483 74598 -84742 -5658 15412 -81893 -77311 -1044 
89385 91861 87189 84268 79406 87839 -40893 -11743 70850 -50044 43871 -76424 60448 -69062 
8403 66326 73752 -71060 5111 38277 -1732 70705 13167 64777 55430 76802 79458 -39200 
-27416 86783 841 -67503 89579 -65548 -81565 -32494 -89112 68527 -17784 -64930 16913 -39919 
-31530 -36287 84869 -69503 -39270 -75793 86956 -89690 16638 57569 -4540 -32836 49067 -25656 
-17021 35840 -73045 -38720 -58951 47689 -62156 -70947 6845 93415 95292 -41058 -90394 45072 
-98258 -58422 -85202 -61173 -54887 -7754 40700 -51156 -66393 78174 -80116 35392 27452 87703 
58165 -98300 15076 60327 -70099 -19219 12592 48621 88775 -90111 -95039 59659 -62209 36167 
-86838 -18788 -9179 70366 27768 51415 74270 41607 -31926 -16691 -82840 -79784 -28996 -7898 
-88543 -25191 -37704 71722 42484 11129 36554 -62268 57736 -27761 80506 -36390 -4099 -93763 
2 1
-32407 -76851 
-21586 25868 
38035 -24522 
8 7
-28859 93756 -8033 -94949 -38300 -21390 9086 12008 
4071 55999 61899 96611 -22795 -74261 -33148 -95999 
13321 -70170 -82720 -5189 59238 -43078 46331 -36511 
78954 43663 -5575 5746 20066 56181 -56331 62082 
-93047 35770 -85304 -49063 84377 42947 -43596 96740 
-96582 -48704 31146 3586 -93721 62275 69317 61762 
-73846 -42259 -42748 37629 -15283 34633 75443 -33300 
79921 -23097 96712 -17249 -22976 -23923 11689 -2836 
-44629 72240 36274 -56658 -18027 -54615 -4747 82172 
16 5
82788 68668 54344 -9715 20950 59580 -35304 -66206 -43772 56696 65904 -45530 -81763 76092 -37424 -71446 
-14925 -83749 74407 33007 57347 60693 43993 13703 -97673 25038 -48655 -86439 -16123 -2890 -35902 83354 
-72495 -94513 -97831 -18961 85849 -65978 52312 29980 98209 77439 88406 1449 -34828 -58508 36120 -53603 
57871 -33268 56987 -42618 13696 49080 -62031 -704 37 -92466 -734 -23931 -52234 -71019 -7826 -10355 
-24282 -29809 40871 76399 -49512 -62119 60526 -84177 -18216 12430 -11429 -22516 -39369 -68546 -23740 22906 
91601 17623 31586 71558 -3692 38139 -86861 -21509 86460 76804 -54500 -86023 -75157 54968 93098 39287 
-53424 45964 -54847 2299 8298 40973 71467 37255 -87342 -84787 68435 -62172 -96125 21618 90831 -80959 
-96864 22727 6584 -53109 -16601 -20063 -55575 53217 -13010 -5592 24416 -17640 18612 -46218 41907 -73513 
26708 80358 -34210 -48333 50131 -45954 -88582 -82125 36843 85857 75019 -33140 82399 36867 8536 -33146 
-4344 45747 12166 -16502 30065 -37239 74265 39542 -53861 73515 -67504 -17317 89438 49062 72142 60851 
-26863 60952 -67645 49272 -99571 88463 -12977 22878 46772 -12150 -99023 2346 -22816 -88784 70162 -65444 
78895 -98414 -43718 9570 30132 69954 37958 -56735 75596 506 19840 -40999 77381 -5709 90807 5394 
27766 -63019 51400 21158 -5470 -96001 -77763 75016 10017 40337 -87020 43920 -54739 50550 -28261 -35449 
78881 -24275 12411 7244 -48599 60140 5984 -87166 -36253 58871 64926 -76381 55808 -1148 -88026 -33995 
89365 -60032 91316 -79845 34940 -38200 86445 -30517 -18981 11535 -89528 56286 69284 44349 -27659 -85571 
90035 10908 -31704 30801 -35595 -92152 91926 87543 -34697 -16692 80579 -27397 -19660 -94900 146 29045 
31135 -71674 -18533 -38679 4178 32986 -32168 -78746 -45099 88130 45461 4314 6477 95084 -64510 -39817 
3 3
-10484 25718 68844 
1780 -20952 -63806 
-26896 -90273 -19109 
-18535 -27495 37042 
17 6
-66361 42082 -7817 -71985 32341 46067 57 -50961 27337 -76067 -68428 73428 57784 72074 44738 93623 -4183 
-45269 27056 57843 -2744 -64044 -35023 20839 -15780 99840 -87551 -85696 37419 -57090 -94245 -54271 -87693 -35628 
-72069 12831 -70982 30544 41092 50489 15510 80411 -21506 53599 24174 -60509 84732 -77322 -46861 14506 30016 
25509 81198 34753 13839 -23673 -91436 -43197 40661 -3455 -70946 37751 -53759 -44818 55081 -25157 -48377 -46887 
-61805 -66362 5833 -20219 -55227 75528 -49823 -74857 -44680 -35120 -31194 19089 -3526 18380 -54773 -69291 6641 
9197 18366 98418 -23663 31903 -16650 -10964 24815 -31460 -72162 46080 -43743 69723 71375 53551 50669 -60885 
62646 40843 -86775 56733 77844 79454 -79732 -23116 -29532 72828 8011 35423 -9817 -55755 -93405 61885 46112 
-67837 -45717 -80254 42463 63232 -56742 -98706 40439 40102 -79313 -40542 78881 -8959 25481 17287 -30474 86509 
-9103 46109 -3421 10325 43639 -66155 55441 -30550 -40026 -81408 -52020 -47168 7086 10069 -37503 53278 60632 
-28165 -12307 19396 -31358 7015 21874 32475 44175 -4170 13502 -13011 -76694 1347 -87870 77821 -89708 23663 
-19038 -82030 -43993 12016 -20660 -23601 26292 81399 -32083 33191 44776 71859 -38674 -74187 -40214 49038 -94537 
18402 -9572 -99177 33903 -40704 32283 39389 76027 68863 96517 30297 -57918 -9049 -20183 -14488 -35661 37124 
-86766 -26554 -26749 54937 -60745 -77470 -67954 61022 -76406 20975 78061 2107 58710 -60 59343 62467 -98650 
61933 63216 -86997 56766 -52531 -60249 18023 55013 -18244 -88245 43612 22237 -85753 29788 -46160 99477 -70003 
37864 -86279 74268 55576 72096 -59437 -47031 -79995 14544 -85545 38970 -10279 -64692 14268 4681 -21535 21910 
-86829 60829 -1625 -62400 55613 69519 -24289 -54916 -5978 78422 59250 2157 -87749 10455 -30891 39759 76 
-61391 30048 64267 9539 84780 -93882 26609 -61932 33642 56410 21725 98763 39932 38613 -69910 62408 -61252 
-62264 23038 49012 5414 -9029 -49287 -4849 61216 -8192 -78443 -88868 13983 -96504 -60035 -45772 27890 -9869 
18 1
-14434 -62261 -39685 72720 -32776 -94451 18743 -45662 -51191 79149 31997 83141 52828 55270 -68967 53375 72972 -87266 
-61319 -70174 81427 71548 56770 -61217 11741 73615 31299 -73385 -11692 -78729 77050 -57946 -41463 -16822 -71360 19356 
4983 81126 -5806 -98670 -3207 3706 -710 -64060 20267 -75474 95298 34334 34907 -96180 -20783 4609 28671 13999 
14381 1158 12545 -18768 -63828 69474 37682 -24550 3248 -38631 -63958 -23273 58303 17252 18476 47440 57614 -30318 
-88171 -34405 -86484 -70690 -67056 57725 9999 797 60113 54607 -60552 78582 -96441 67262 19599 6828 -84294 6628 
20797 685 -60728 18953 50801 92914 -71402 46565 -62480 86009 -40 18745 2517 24366 77814 -71111 -14004 -58361 
76523 -40665 -67878 -38836 -82604 77256 33390 5019 85766 -16278 47027 -71949 -17009 90791 -13320 -19501 25725 -27074 
-76523 -38442 -86082 -46239 -32063 -57595 23730 -17460 45330 38811 -61540 89007 -86605 87641 27345 59131 -38481 48276 
-97214 45416 87514 24216 -79950 79816 60882 11744 19981 -83678 59085 76485 22303 22202 -89986 -7332 14503 31989 
14722 -73179 46445 -80698 23535 -21196 77937 68946 35513 -82164 -62778 9591 -87057 -60942 -5925 6161 70289 -2905 
74470 -67163 53034 -8018 -93327 37967 -54686 -42893 -56521 -25419 61935 -3850 96940 -97912 -30642 38999 76789 49721 
-53242 -50067 62474 -27691 86947 -14228 -17462 88410 -52472 -71512 54342 -27329 97466 10654 38390 46616 -24056 840 
69486 -57408 71049 -40183 24547 7302 -69900 71700 -16226 36526 36060 -75794 -22916 99813 -80939 -42695 79302 -56231 
-97813 85798 49499 20139 -55642 -68711 -22075 2561 70939 39098 57059 2371 -33846 -99128 88787 -75061 -97905 -59041 
-3147 81047 -25020 -42364 81227 -91937 91276 21088 53565 52311 19752 -57993 20569 53302 -470 -66631 -15042 -85505 
38822 17732 15833 -32468 75187 -84827 40033 19736 72983 22391 55824 13477 98423 -65883 22777 12571 56896 86108 
-56068 6776 -86209 -24488 58939 -66093 -10046 -83709 92494 28500 52618 -503 -90243 -23606 -79904 -45854 -32523 -27166 
-91087 60246 65732 -42513 71174 69505 -24296 9373 -47062 82967 -34498 -24419 -53096 9638 -2365 88447 28518 62030 
-64882 10943 -9683 10490 64211 -46000 1437 99793 35687 3223 50842 37404 52636 98771 -72873 -77265 -6469 88098 
11 1
-87368 34672 51624 85675 -46359 -30145 -14077 65726 74348 -94885 -42888 
18169 6042 46156 -10045 -15231 -11130 89143 -25297 84790 -21834 -13189 
-93985 -54858 -21727 -1710 97091 10984 56460 9231 7474 -65701 -7246 
-99089 -95921 87069 -93584 -78274 -21423 -22017 56157 -6695 55053 24124 
28936 -1209 -79194 5590 -83660 -88665 -60290 81699 82579 29360 71580 
-70828 -22395 -28939 -65154 68763 67639 93678 -57842 14828 91071 -74594 
28598 23249 7564 42986 2862 82219 -28137 98578 -68854 81254 -62992 
84015 -19414 81120 24759 47689 57966 -41554 -86186 94163 -77767 -15989 
-64344 -86795 -10679 -82947 -70908 38120 -81365 -79753 19071 -38161 -72622 
70748 77710 27840 -91590 45793 -28073 75699 -5835 -63059 76438 -59594 
6968 -67467 -2373 -68912 -32408 4902 -95304 71967 -92377 -80504 -29134 
47630 34804 71924 75234 -1333 -47769 -49578 69096 47904 -41957 93777 
15 13
-6090 -70199 69772 975 61555 7221 69154 83493 -34760 -57122 7493 -77738 -18677 14102 98614 
-91870 -3254 -9036 -17798 92482 13288 -51865 89492 -38231 53105 -71712 -68471 23089 29519 -11809 
-62945 44858 -77179 30912 22101 89524 -49385 56530 18704 -16224 -47320 35683 -81346 -16342 9194 
71734 19810 60831 80922 -88180 24753 34084 -47062 14079 84694 -51479 24582 -83118 13307 -2096 
-11466 -45142 -49723 5559 -99203 39914 -3551 43841 13579 -13721 -5725 73358 -63056 63380 -14353 
-16221 78625 27578 -61527 -81666 23395 -86005 27977 -63311 -39307 -97668 -4432 56732 -5085 -55105 
73008 -33759 82702 60284 35335 93397 75745 -64613 20115 57682 83043 84973 91157 16340 -93641 
-46555 54661 -25936 10655 25335 -3210 -87187 10488 -84201 12529 64273 27108 80864 25930 39668 
44521 9473 -89249 76128 87310 16692 99516 -52581 97505 -8640 -70745 1167 35538 59643 42223 
21824 -85183 -26055 84445 61959 -76132 -72794 63288 73608 29836 -81992 78960 -60164 82186 -1133 
79133 -39177 80187 -57482 84456 -37074 22754 40805 30488 23135 783 -43217 70706 57716 98658 
-20968 97365 -93291 97672 54112 18836 -68501 43671 -88889 84540 -49717 24659 -24028 -6258 73222 
91238 -96446 20371 65943 77678 42075 26277 61838 -98608 93906 -85541 -94478 -65068 -71934 63131 
9842 16976 -3396 -4650 66219 65382 -82970 -16045 96822 -81746 -9185 -79133 48562 -14113 -7565 
-43563 7284 -44079 43410 53508 93613 -69862 -33232 -35155 22576 -54149 -83701 -43556 27466 81131 
-17070 80533 -19329 -61011 38115 82384 -75712 60114 52714 -13117 -17023 -21922 -55814 6845 -18531 
20 13
13560 61519 18705 -16397 47765 17100 -29193 567 89479 -92563 -93856 7934 72412 -40147 37820 -46480 -30602 69806 -90157 60835 
-87950 -92117 32613 59275 -91794 59983 84549 71304 9331 26988 82126 -83798 67848 31222 -40484 80444 -31321 -92782 -85423 52460 
-52849 1798 -47248 42568 -66295 91606 -65315 -31152 -82826 -25454 93421 -4571 -62241 78172 88077 -32804 -43725 -17552 -78708 -304 
-50814 -43635 60560 -83669 84417 91114 -41814 -70511 95644 73304 80462 97605 -97146 -40435 27584 -92834 -67278 85595 5390 74148 
61240 -55556 -97224 30610 55050 -49552 5092 -35954 -20011 -3605 -41163 -55301 -11679 -65487 3942 -56487 -40750 84844 67458 -51935 
36970 -53754 65818 -41811 -5611 86119 -21793 67329 -25893 31969 80732 -16380 66819 2238 -81782 75428 -12484 14967 19198 82210 
-47717 -86214 64982 -15452 -80291 -40638 -27125 -92368 -11449 45748 84704 -80064 -51280 -54277 -28968 -52160 85713 -27908 -63724 -40191 
99114 9207 32335 -40314 -35095 45223 -14556 -12633 74030 40851 -58409 16266 -87431 6544 84854 -17970 58421 75261 -24164 39532 
-59930 63576 -43409 -17780 25837 48874 -7528 -89426 89915 -18633 64097 87411 -1035 41550 -93671 -64134 -46005 -28132 87304 -6829 
45375 -82979 74648 6847 97414 95596 82382 66508 -46636 -44258 -27842 -9238 -90972 -44702 85198 10327 20315 -25076 17400 24329 
29595 69957 -77511 97059 -11146 -25231 51060 70623 2781 -81709 4571 -84585 83093 -58748 -81935 9640 -93865 50150 80917 80921 
88483 71329 -69408 -78046 34911 -84036 85495 95151 -1212 39098 43825 -74641 98739 73035 -49346 68087 48779 64656 -96256 -50545 
49836 -51606 -65584 -59062 -24553 79357 25245 73577 22783 -492 65970 -64096 -80119 -6986 -66050 83636 14834 -10617 27856 41884 
38897 -75735 -33809 -63981 50966 3916 -65145 95996 -72534 -45015 -29709 84761 -88367 92346 13216 -26178 -9597 -45851 -74977 -83785 
-49642 12182 -80985 72137 76764 -27295 -21302 95672 -59079 -36325 -86827 34663 16756 -15183 -34270 82094 -87912 -71470 58574 -46156 
9429 63247 71238 -34489 3366 60363 -96519 9457 22351 -8962 -28153 23687 86339 85930 63686 -86135 -25982 72057 -24457 -52029 
-83167 31067 -34233 8594 -82427 4772 -98666 72473 -68897 -79311 68691 -37340 -99690 -84124 15945 26957 53339 -22318 -35496 10256 
-41627 60328 23240 -89651 -69006 69180 -80345 2333 -70046 75636 -13589 79433 -92296 60217 -26128 80937 23800 64781 -92164 94949 
-49458 -29956 93770 79639 79688 -42631 -89654 -66282 70670 -85243 -60186 19531 -36123 95660 92274 4135 99232 88863 -39177 -40496 
32291 -54991 79475 -85878 77063 9743 -27676 -82255 -8702 5314 -22915 -47064 47718 72904 -797 30986 -97291 63572 -55810 36653 
-29072 -85034 87503 58716 -59422 -80481 -93685 92128 -48772 -39005 14129 -22758 -80708 -13309 -94824 68687 71361 -61301 66396 -54704 
8 6
47509 -16896 -92892 39501 80624 7262 -9173 23306 
-5740 -30950 95934 216 -96882 -20845 -62252 -12138 
-56222 39237 8726 24892 70098 -93114 41294 64937 
628 88157 -60880 38072 80892 -36348 -1360 56281 
-74817 65426 90818 25028 45785 -33413 -23787 65144 
-2253 -25709 -56954 -22479 -24064 39100 -86653 40874 
61088 91339 20581 -99562 -33157 2737 51355 -42108 
-77980 7817 43817 -85837 -23510 -57057 80321 -34865 
-52461 12352 94687 4933 19037 -14093 -39226 -52769 
10 7
70983 88504 -92853 -77497 -99675 24329 72652 -13123 63017 14527 
-23732 -49988 82582 38739 38160 -31924 960 71542 -19782 24254 
7218 -80417 -39728 52423 97288 -98837 54192 -69505 -61780 -61030 
68957 3115 -45990 -93393 66705 -10409 39567 -54575 -51347 -66351 
16835 58174 -45226 62659 -49238 -80982 90453 94088 96159 -84236 
-41949 21206 47828 43155 -25458 -92656 93427 4423 -88023 78897 
-71113 13684 68456 -59457 13057 29478 10550 55124 -81602 -72879 
51632 -5615 12274 44355 48056 -48926 -40571 -10469 -14739 36586 
-44559 33370 -19069 71273 -41988 1407 -68902 -76480 -18582 -50971 
96536 80883 -94945 -43184 68088 61346 -42925 -82463 -60504 87339 
-64753 75713 27589 -89581 1760 -47702 -32551 -70104 -65748 -91786 
11 6
91087 -87311 58931 87345 -16191 -2289 -36938 45796 99888 58688 -89668 
-75454 -95189 -12950 77273 84321 48720 -62362 -87709 -73955 41327 35756 
-81707 -69739 1267 -70432 -71700 -84348 -54038 -81545 -9756 77620 31461 
-91807 94514 -59207 9291 19160 -38956 -92950 8238 13762 49139 -19532 
-38114 -75377 -29473 -60116 -54468 -99183 -38959 -81280 -78545 16193 206 
-64133 67603 21110 12431 51088 -11400 -35073 -55273 38684 -88503 -73939 
26062 -52643 -34072 53339 -79950 56704 62317 -6701 -17534 56845 23925 
11184 -99322 -52803 95865 -4810 -6707 -68549 36017 -69509 -28727 -72815 
-41077 -90878 -22413 35471 62657 -78308 -59874 -24281 11317 84356 -36661 
-40724 -29101 71707 -24803 89141 38584 79948 45103 -11117 13199 80357 
40242 -64986 -3136 -49550 -29660 80501 14366 -4352 14053 27958 97702 
39833 91609 94609 42228 615 -62472 86519 -56473 74901 99041 38423 
19 3
-70938 19732 70869 48239 75331 -14167 -61319 -20148 62265 -71914 -27370 13050 -96841 -54764 98438 44253 -64634 -11492 -10686 
-78297 16318 -55863 -94101 19355 6753 10096 -34018 50250 -78018 34154 -38844 1651 48871 19581 -66634 99115 -72879 -29159 
33256 -34872 85783 -24528 -3080 -70572 10974 -24819 -32772 56696 -55416 87888 -92489 15588 23408 -8143 50568 -55365 52927 
66647 -7390 -87550 22056 -42792 89949 31673 1944 -75332 -68075 74464 64938 92085 96507 74635 -61251 -93326 -35268 -76863 
-70424 -65115 -92909 59502 479 66952 -6612 47641 -40424 80607 32169 35432 71826 -67020 89936 25019 -510 -41831 -65284 
32193 85801 92457 25145 46277 -86672 64434 35774 37141 -23875 -91462 95800 57240 -31758 929 -43578 -3873 83400 98675 
-18732 -95591 -27646 -25982 3872 68964 92651 -18169 -29998 -49018 -23276 6085 -76933 21362 -22369 55272 -44537 -25989 -18088 
-77850 -48478 10523 -3474 57420 -77930 -60959 92490 -3723 85200 19232 -54632 14284 -16630 -43738 -25546 61164 -9822 -12395 
-75224 11834 -55732 -36246 25937 -45888 50271 -41705 -94259 -25433 81019 -76904 -74572 -78134 -9159 -30469 -49384 -90489 33565 
10041 41735 -86716 19972 -41605 -9089 -38688 -14137 27012 -24372 -48312 -32338 53916 60879 33777 -53646 -90867 82814 39754 
74049 19820 34566 -55612 82139 9361 13308 -43397 -57320 59398 33736 29577 31073 22867 -78439 88148 -14547 -68511 -39510 
40626 -88641 -15673 -54599 -22066 -24881 -8441 -34777 69872 -91553 99764 -66393 63105 -23582 -7060 16987 6807 -83272 99074 
-12606 94875 -66360 -48332 -94483 -22820 67976 -27865 97002 65903 -74753 -78707 -40692 -83732 62069 84965 -10424 72780 79599 
-76765 44487 70438 -89529 -75899 90145 -94527 99682 15715 75670 79014 27160 90394 84122 -34223 59527 -19896 85106 -26036 
10212 -40008 -23690 50570 83464 87186 48041 2607 57120 67675 74142 -34193 78874 39377 -57938 13419 7692 75937 67682 
71165 71468 96207 -53327 -79396 -33824 69313 -32428 -96203 15779 -69537 -82807 35438 78880 51156 -12562 -21561 26970 -17262 
-63779 -79531 81100 -14217 14369 56936 45573 -19715 85964 -4029 -10952 39399 50561 -37747 43981 80024 71138 -88285 -11296 
-97840 -9459 -8314 65429 74718 -73959 44005 96652 -74407 -37911 98295 -60672 -3591 19147 76357 -9469 -2318 82289 24765 
-95925 -47564 -62476 -48095 -28475 -79475 -52867 60171 -46439 -76814 -69018 15227 48501 23022 -93322 -33810 16954 23344 -69668 
84181 65158 -26166 54310 -84312 98419 42657 -83300 8382 26486 -54067 74607 66321 64433 -54076 76713 63502 37973 73603 
20 2
-76908 2404 -14826 -4082 -94940 75590 -7984 -11705 13073 81790 -13557 49093 82751 -50351 -10657 7631 -5415 97458 -60684 -62430 
-89894 -2342 15406 47185 -78908 -82646 -29767 -68336 45429 -78148 14773 13493 -6580 -29151 -81041 -91906 20095 -96007 31559 50713 
-23572 28062 96798 40971 25028 -10478 30529 -93505 -52234 -17580 -26679 63089 -51917 -82410 64888 -44644 50483 -89791 10464 56732 
-89356 -17701 65701 31320 45744 -87768 -48973 -5977 47845 19637 -84367 -46421 40894 -52610 -6743 49576 72374 43888 41704 85155 
17981 -34155 57538 -94182 51977 24971 -98025 79085 -53819 -67931 -6315 -65949 99108 -67591 -95605 84550 -14300 -81190 -67515 49031 
74862 -18995 -39991 -37207 82629 77454 93802 -89761 -9681 -96725 25979 92727 -66204 -3084 57875 -24708 -64908 -39337 -59773 -8876 
93955 -47998 26419 -74355 57849 99106 -81497 -38219 -2141 -65063 75570 72677 -88506 6752 -93321 -6669 44060 20481 -14507 -77957 
-21548 -59118 -6345 -19412 -68934 -68168 28205 -56129 26618 94246 10995 35290 14720 -9336 -79268 -98834 42408 54667 61843 38306 
-53315 97655 -74483 -66133 -77275 -34081 79555 31457 88597 -38181 64777 -93898 -89229 4052 82753 11785 -69906 -65107 18036 98545 
-46356 -19882 -21538 70591 -44676 -91304 91826 18070 71577 -3494 -8604 2822 9438 -86818 -47322 -78123 45337 38800 -14263 64857 
-57630 -2094 56260 -75212 -31518 97345 -67809 -61010 57812 -16814 -64109 81218 -47905 96436 -98255 -41200 87858 89876 70072 -79307 
30162 34968 -6652 91132 -71067 -59821 43488 -94573 -25569 5546 95304 60469 25653 -3042 -7400 26218 17256 -87230 25605 4924 
-26716 41033 59147 -57301 -27137 98364 8232 -76451 46639 43694 11632 42850 13827 -37506 72601 -78205 -30591 70188 -45481 43179 
62730 -52182 -69047 68141 -20888 80840 -24145 70495 709 16775 30250 -65650 -35553 56540 -37660 -83027 70074 -88275 -56299 -74956 
-11849 2650 343 -35845 -83604 74295 -94916 -55332 29136 -35129 -11101 44576 -6756 -6087 -71278 76204 -9002 -9295 12165 90226 
79241 67657 -8076 23111 -90961 -53989 -42947 51251 58688 7666 -43308 77979 34778 29145 89609 88335 53516 -15864 38936 -45811 
-19233 24203 62287 42346 85196 41837 17703 75127 -49557 -67506 -800 -14900 -50133 -38882 96582 49742 85776 37336 -12210 -85762 
40621 -16541 -48878 16901 -34861 -53456 7339 30494 95846 47851 -17412 17361 38727 76977 -53668 82007 62807 45440 22638 26136 
58873 -38847 72674 46642 71041 -44553 89538 29892 -28944 15512 30220 -14626 -45884 -44170 43362 -72139 35292 -16780 17143 90216 
-75747 68640 64000 -31723 -18568 35512 -11724 -81445 3141 -13060 84747 61211 89045 84815 93115 -8494 -20414 50759 5514 35897 
22479 61989 54059 -47783 -36379 79613 -63990 35407 -44968 71744 94482 54415 -18706 -84204 -81891 92150 -33956 -59207 -61033 24982 
9 6
62205 12289 -35452 -49356 -97625 -83570 -72206 91042 -57483 
-35760 9072 -49757 68844 -87245 -97726 99077 -38090 -79769 
93033 -38855 -35115 41528 -29587 -65005 97726 44216 -42491 
-28286 -40725 97725 -93997 -14738 56217 -88721 -1306 64677 
-30500 70977 29446 31221 -19833 -39545 -73566 -82256 -62539 
78562 -52848 16675 67323 50991 68269 37295 34933 60875 
54870 63579 78496 41318 27157 -93877 -89690 99131 -1439 
1159 -96379 -393 37684 83980 -14292 25990 39118 16604 
-53810 -74591 3856 67459 93513 80098 -85170 49640 -4657 
-38557 32452 -90372 -98729 5575 83594 -14554 87768 62874 
8 6
61793 6450 -81858 -99498 -27391 48649 43002 91918 
-42330 -45765 -59567 -49318 -32114 67893 -298 -8479 
19920 -20370 79231 48791 -60201 41402 -67656 78381 
50425 99986 -20868 -79814 -7653 -17252 99880 -2953 
-66483 17754 65901 -21358 -13610 89068 -57114 -96118 
23509 -33410 -82707 35443 -19707 -86954 -57320 8364 
40461 9264 24773 -74499 35029 18532 91019 -23345 
-21758 -98073 77563 -14626 49615 -5569 -85598 -61219 
-9780 -96076 -92553 -72376 -76246 -83140 -16 -57454 
13 13
-65481 7954 24151 -71910 96007 81844 -79050 -4960 13911 8253 -8527 -30174 78672 
7274 -26124 -11222 234 16215 -41936 -77793 -73143 80681 59310 41356 29664 3233 
-51366 -36554 -32858 40136 -89025 -1477 -69486 48007 -63205 47670 -96628 79971 -68809 
32992 -94430 57689 86512 -32504 4187 22524 -5705 -92078 -18615 80507 -92294 -98707 
65140 -29912 -10392 75591 46319 63941 -60180 80072 -25843 44345 -43472 -68564 92218 
3842 -33513 -30190 97825 17898 -14279 -43850 -93290 64643 98954 71330 -76312 88832 
-54872 77511 -69990 47265 -60628 -80011 48053 70450 51842 -48802 -43408 -17259 -4963 
-70821 -67070 14366 70117 23927 200 -10656 90997 -36031 79240 1565 86530 153 
24965 31547 50475 -23219 -97993 -62269 -89090 -49434 -89080 -40693 65199 45377 -49213 
32893 -96034 -38143 -99793 51276 -54800 51111 -96088 13460 -75997 -34026 80743 -71804 
63346 15990 -86334 -50750 -51427 28142 83011 33200 -68687 -94718 -33167 13581 -87680 
49345 -58386 -74021 -74880 45008 43935 17045 -6755 35153 -65182 -35819 76474 63505 
-49820 8696 -82567 53677 63905 -13368 67574 40759 -84153 56596 28317 -53490 -91253 
-60368 -81416 -39886 -15315 -99263 -25505 64190 -65162 43154 48480 -42069 -34394 337 
1 1
56141 
45077 
6 6
3022 39348 -39458 -6287 -1173 66313 
-43926 92303 97991 -13298 -6929 35026 
-658 37823 -93003 -61176 -15361 -98972 
71630 -68662 -20079 -88416 2866 96597 
-68540 -5125 -47703 -66832 -95680 -80452 
-60370 -58748 72480 58839 -58388 8428 
22972 -92978 34645 -65091 98203 34210 
7 4
61431 -60380 -80846 -75716 -41444 -20426 25280 
89390 68009 -47463 -78121 -63313 50082 -49966 
-61609 -37491 -73585 70192 78133 -8511 -98736 
-77079 -2111 -44565 23958 2557 1401 -5490 
-13772 -24175 63859 -48206 29901 -81732 84248 
59235 36729 -99011 43502 99464 34795 -29474 
26676 83156 -47771 -28469 78277 -256 -91865 
89842 17770 5706 -14002 33389 74670 -99829 
19 6
-27900 53210 -91794 -3078 -14655 10111 -65177 61821 -94160 -39696 39253 36709 95231 -73581 -26996 -59998 7296 -33279 69040 
-40206 -78379 -65971 13426 -32201 91293 -29012 -69470 -60304 35716 -90686 -7026 -7899 19507 -79438 41671 -45136 39549 64340 
98183 94203 45867 -15763 -19444 -68618 -94626 54906 57068 50824 -13849 -22020 79283 1060 -53728 -69205 22754 17893 80543 
68539 88715 -79170 -69002 -75544 -49186 26528 37259 10404 -92132 13613 -92636 -75764 86140 13198 -84752 13039 72944 -58539 
-843 -6723 -37949 41065 85365 -4765 -72728 51111 61445 -58063 77017 32908 98534 -18492 -34750 5467 46961 78072 -64137 
99991 -77814 -34198 79205 -1489 89710 94946 -37912 3473 75407 -1252 1294 16069 60009 -92875 -27807 33214 81960 40605 
-89046 97297 59262 -70173 -52777 89692 84469 2959 -57896 -66440 60935 -45001 -601 35081 38644 62057 45349 46501 56069 
69053 -83132 78177 -75729 -81696 14714 53230 5442 87595 82815 38146 -54263 26808 -99197 84313 68745 14018 95827 -69456 
50499 -67103 -61126 90280 -71674 -38108 42854 96342 83934 69461 -61381 -10420 -77962 -92264 -9435 4635 -74009 -74851 -83678 
-89549 77881 -4143 -41310 22802 -49949 21561 7362 75446 -7787 -59435 18442 -14455 11547 -99938 91433 -97635 -60966 -95559 
-10679 37489 -64064 32956 -79343 70110 80581 45177 67286 64711 -66509 70170 97733 21312 51731 -64496 -68674 -75848 -29135 
63965 91658 31367 -83512 93203 -19261 79464 21750 86907 31764 88773 83682 -71059 99182 -16768 -76388 88999 76046 22600 
-99783 -64745 -27300 1437 62078 -84542 39141 64883 -95651 -77712 46596 -34083 -28443 49544 -55912 -68108 46669 -80193 42947 
-25608 15019 645 -71684 -5274 246 -31482 -26085 -69961 60225 -90095 98795 59780 28936 31857 9756 18119 -70070 -99381 
1613 -1619 -99373 -919 70631 -94718 -47513 58298 3960 10510 -52092 -73884 90472 -18924 -93351 -59082 22928 -49005 -67552 
8189 605 -67172 27921 95773 -77006 -15820 -64675 -52422 82957 59068 -7265 65946 -24680 49285 83135 14467 72859 7164 
29684 63420 -64680 57497 69595 21749 87317 16196 -71901 83919 63495 15101 -63733 -22323 78084 50091 2528 74470 -44907 
-23176 -67238 -86365 -35823 -63588 -96791 67106 92211 -27330 -65237 61297 -23644 -59376 -76113 -42363 -76621 33785 -42564 48370 
-84023 34260 23424 -19929 34533 55454 -30133 -13193 48932 -55468 -59752 -64573 62302 -22687 -83091 -86760 -34730 -89816 -48973 
-3781 -19706 -59680 -16532 21984 27454 -33886 -86535 -29140 -45559 -60270 -20144 -7010 50773 67526 -52583 -16758 30133 10362 
12 1
-8574 95032 47727 66397 -17171 -2591 13257 -14254 -97947 -10641 -4107 16598 
-13985 -5274 10153 -89172 64257 -49009 68083 -11376 5751 51926 60151 -11650 
-91553 -89361 77511 31061 -5826 70464 -56865 1967 -75406 68353 34045 85518 
-92280 37726 -51514 -74646 -89075 -69365 37626 29880 -79332 -44762 99743 -48601 
-84004 70024 -53686 -6086 66678 82071 69219 74911 -41585 -90863 -57223 77243 
-65131 9783 17335 85599 -28490 -95176 -94170 92069 -40465 12277 -92219 94265 
-76434 -22818 84819 -3521 -92994 -44981 99905 15604 -60241 58634 3101 -10250 
31389 -51745 64776 3827 3369 1100 75573 91915 75648 -18761 11657 63042 
-35006 41652 -5928 -93678 3539 19554 54006 92967 -46785 58034 28568 -10796 
60907 54801 66330 -3595 9551 -38280 -10640 -46358 93132 -98705 82345 -83380 
42238 -94690 -17476 70758 -54074 17357 -32675 51867 -61828 -64672 17441 43032 
53320 -45895 22435 -4834 97082 86950 -34967 21959 -68148 -65737 -4414 61781 
-40696 16936 35446 6338 -25762 -95669 -29654 18116 -39015 -19539 -82283 2094 
14 11
-32206 37091 -95290 32329 36750 35871 -77989 -76288 22359 50084 8947 10276 -83042 -63553 
-99431 62223 -1895 45795 -59060 -55036 91296 -22828 -40973 -55988 671 95125 -87857 -83459 
-76848 -38304 74106 -42560 57405 -84001 -46975 -89010 -52848 33483 75730 63072 -89348 -75916 
-86604 -8801 20481 -68327 94728 46938 99860 5502 -58680 80150 60597 -92692 88521 -12469 
-66685 -61846 -88373 44297 61095 -34004 -73649 -87621 12907 60601 48083 67313 -64989 -7609 
35710 47357 -6695 10436 41136 92099 7194 -80769 20366 71037 84883 -57688 -43140 -214 
97118 -30871 -83960 -23328 -19665 -94797 -20123 -25382 86377 76069 -17575 32124 70089 -29830 
53577 -30125 80858 -58950 99967 88503 -36237 -74767 -91149 -96401 -87995 30985 -69994 96157 
-65599 -55578 -360 38241 11739 62181 -88506 13331 24315 -94489 -52311 -78229 89702 -7452 
27507 -68974 -18811 -9989 1290 52297 -27647 -57763 -47710 -84038 37905 -41698 43735 -20072 
-67122 6347 77062 42392 64598 -95842 -14153 9487 65438 71338 -77161 50744 -57181 -45483 
2634 -61771 1760 37434 65804 10557 72511 -17637 9680 90739 -27062 71674 82584 -89934 
-56822 -3738 62311 -38188 -67969 -32495 -76238 87024 74106 -18649 12984 -88410 55659 66119 
26502 -93841 12208 79064 74370 -40434 26318 -79131 15731 54805 -8250 -85834 61916 19472 
29226 -46850 16257 -80657 86075 -47517 -62778 -49486 -8340 -57248 87816 57304 17123 64806 
15 6
52897 84919 31651 -62993 91622 -84972 15551 50533 34864 75395 -50556 -38582 -84599 9102 -58550 
71181 -87383 -25161 -26884 20086 -41907 89715 -599 61517 -39713 47589 -47577 79504 -51945 -41438 
-86082 64985 -76350 19785 76452 41901 -2676 -87861 67834 -14238 52906 -31519 62475 61218 -96345 
-95175 -42862 -48840 42634 -49485 77260 58767 98335 96817 52512 33965 17972 -2492 -5646 -80496 
59802 -40424 14780 -14212 -47520 -53095 -67476 -67055 -75785 29349 294 12594 71853 -27779 -12017 
54622 33183 33950 42809 68462 -87389 194 -26419 -25610 56901 -34517 91750 26536 -66001 7959 
42007 -81209 -91653 -80563 -22634 -36760 -35445 -92843 -7217 -64300 60354 -58182 29630 6718 -75965 
95410 -8120 -77842 22889 5009 72348 46981 -5983 -84066 81872 96797 51193 -13951 60690 -96916 
34150 -81686 56710 65017 74136 -26397 58655 32122 -54394 18285 -19457 71623 56985 95295 17682 
76576 53848 36837 -11135 -93737 -18853 -24022 30278 52175 59828 99889 -45920 78956 24370 88589 
63425 -74594 -8850 -33823 77535 -77234 84076 26134 -33599 -62294 -55348 -83584 37224 -44454 -91394 
50259 57254 -64522 -65059 -19764 -75019 -28036 -90020 74767 15474 32951 58252 38048 -98394 10460 
38 -36994 -1966 -28630 68299 82796 3218 -62152 -52994 60721 81284 -85666 -64193 94906 -79386 
9028 -44126 -86070 20359 70706 -31499 -36649 97823 43085 -58120 34543 -83432 -24905 -63792 -21898 
-54178 -77542 -20648 -70632 -14525 49894 88752 -33831 -46948 92258 -4615 39126 -85715 14555 -73973 
5000 27888 -94983 54647 -7299 39779 -27545 9692 6183 -56665 -6912 60545 12414 96378 8800 
17 4
25490 64124 -31422 67875 52267 -99075 27279 -16623 -58827 71462 -1127 35904 58871 29693 16288 84889 752 
412 86289 42171 -84308 -53444 58630 20306 57659 68362 89220 26919 60339 -53956 -34014 42230 64395 50409 
-2181 -76827 -5785 99216 22966 -61300 -50752 -88977 -79805 -92309 -276 -52788 -32523 -69577 82242 -86223 -28991 
31624 -75643 -62588 39964 86146 35607 91118 2492 84804 -56690 15079 -9574 -72421 -9977 29688 89054 -4984 
-94176 47994 88558 -348 55848 -65593 82722 -76402 -74834 -25331 42983 -72867 2604 52675 49938 39455 32771 
-28133 57235 18229 47703 -3709 -63618 41613 18937 -79345 -75516 -99760 -53696 29324 -53506 -91067 40297 81651 
-55789 -63186 -88017 23034 21201 10159 -35504 32534 12053 -62026 6827 -28638 14568 -52603 -71155 67065 71103 
33983 70394 -4714 -44695 -32178 2365 38104 -45451 -8796 12164 89382 71606 -23295 77408 -88796 -90166 -12413 
-89485 -3686 -45229 52016 95339 -46940 69124 -60160 83815 -99855 -52635 -1608 -46597 -52210 -44180 10084 -78692 
98944 -42578 27562 60046 -6571 -82538 -47790 23812 4687 -75440 97584 -41430 -84802 -55191 -55270 97243 -46173 
-59385 90855 50325 37595 -17169 -46545 -4242 49514 34367 -51916 89819 3697 -54449 -92092 43165 58379 58166 
80423 75486 -26113 25544 -65333 -7527 -43565 -76404 82673 21103 -6239 -25701 90632 -208 -39708 36658 66837 
-56287 13527 85719 -68788 33539 13086 83091 39235 -54607 -63076 40166 7026 -95727 -64644 12624 48162 -88537 
46949 -95338 -77546 -49695 -23947 97262 88760 -37894 -20009 39915 85938 -27946 30484 -27503 31217 14456 -93270 
5230 66707 31676 -56729 71261 -68009 94649 23341 98070 98439 9883 66340 -98995 88826 87459 -29784 8432 
10236 56128 -20929 78499 25598 -8945 65437 53637 -73733 46047 -9666 13810 -74567 -27707 -65379 62384 56455 
-52415 -78418 -26598 56611 -24119 98881 49197 -62015 -65853 -28314 -12036 37330 84382 -44403 -78497 -11434 35447 
27566 27041 -50049 55164 58442 -88228 78980 42795 88629 -69148 34425 66851 -94680 34607 59521 25187 11273 
3 1
-5176 -69613 -24714 
-1477 -52649 -49920 
34008 -98672 76675 
-14064 -97693 -54572 
10 7
-81511 47842 97419 45305 14464 -18490 93336 -17586 76882 75055 
-5094 -5141 49361 -59048 13425 45483 43620 -36615 39368 -85865 
-47615 -25414 -40502 56686 77775 24763 61820 41270 -89867 -19374 
-12692 -12687 9228 56707 30083 248 -21949 48521 44990 -96628 
41362 -38863 33263 -94141 14227 -39206 -23576 19427 -60166 -4278 
-11646 88220 95394 4483 2124 30666 79167 23660 -40054 25524 
-70017 -38105 9916 -88003 87964 90471 24610 -84151 -31862 -65753 
50410 -56335 46477 89410 -49416 -50395 -26807 -22066 3983 19962 
-19523 -82032 9165 -36184 -88664 -50233 -96653 37893 -50568 -22629 
34269 36130 -40024 66168 -98460 -98226 87709 -58696 67759 -72532 
17862 -66768 14654 -94397 -43556 -51605 40561 -60104 -27496 48072 
8 2
98279 23491 62393 -58833 -95359 -28190 -93278 60393 
84697 539 70147 -22762 -42331 -96189 -19790 33545 
87270 74425 -75459 -65928 26241 63472 25072 -81717 
-88339 -77675 -92085 88180 85997 -82780 50902 -74997 
-97263 -93415 67282 81668 41823 -7355 -25219 61689 
68390 57441 32129 -74370 94123 -5203 -89897 70021 
-56239 14573 -92455 -29995 15502 -22776 76986 23763 
20108 29115 87811 93439 61200 -41556 4553 23406 
50671 83201 63782 -40062 61369 89197 -62640 77760 
18 7
79778 -41802 3597 -3230 -68788 -8502 -47478 28030 -71266 -37111 15891 -24877 45933 -26467 -87341 -97015 -93594 -9931 
-66339 73802 36083 -2568 263 90173 -18057 58005 77090 54917 4448 -84602 -93266 7040 19715 94131 -75949 88797 
57062 78841 67959 22692 -92055 79643 71430 -69709 -95230 61736 -8473 13341 -59382 -17293 33917 -60339 14589 -74730 
-71185 -40299 -52507 -23408 37275 -41501 -53384 -18785 1446 91783 -1904 73855 52695 1763 73300 76608 22719 78736 
-29163 85656 19498 8602 4247 -87786 -85652 -18856 11701 85780 -60470 17285 74212 -15830 51156 -84274 15629 -69274 
42494 -24462 32098 -10443 16356 21180 47821 -49804 -43675 -65622 -75536 23056 19769 6191 -41428 -61893 83132 89340 
71985 33031 -40985 47782 -10564 -87082 -74023 -72690 -17723 51826 -77669 -12615 87549 71298 54461 -98771 -69047 -36722 
-48282 -66677 -44252 26872 19437 -35244 98829 84911 -4730 73560 42109 -84953 -30693 -21786 9449 -38843 39136 19333 
-8348 -66866 65642 -62119 19807 78928 -25888 -59678 19563 19671 84721 29365 92174 -29953 50499 31999 2537 45298 
-34933 79081 -60239 31536 84566 20357 -54585 -40512 -32589 35437 -21247 55219 -52754 -43120 -19354 93918 -70225 2930 
-23711 -76298 18895 -50454 -49979 -25766 -54355 42106 89374 91288 -72214 -39146 30245 -90427 20786 -21164 64824 53218 
-69902 28408 36077 11245 -52728 -34214 3478 -34208 33254 29561 41261 -75127 56451 -86121 19811 -86122 -32163 -15636 
51166 -14251 50844 79546 74101 -74876 21719 -5739 -91 93997 -20655 -83817 -17943 -35390 88048 -50908 91503 -7018 
64761 16904 -41359 -14560 80885 -47840 -52119 -16210 -69560 -18503 14647 72026 -46436 -37317 97632 49592 -91525 83976 
62893 -55280 -23358 50364 -74298 -41162 -50796 28752 29777 38879 50319 3816 17162 10935 -50038 65899 -53413 14811 
73281 -43798 8241 19272 90384 -24662 -50064 79050 88900 93865 34664 62731 -91800 68073 -11303 -14689 -96392 39662 
-21857 66631 53604 -64982 25113 36725 -44596 32772 21654 61103 -63004 -48733 -40778 38588 -14701 -35280 98372 31949 
-95688 -20260 72185 -27167 -88784 45957 54610 -37959 -91781 -6654 7054 2713 -62978 15209 -12744 64202 -64876 80849 
-47727 -17443 -79002 19199 51367 -60513 67207 -30265 -22988 -52806 29149 -64850 1709 -37079 41776 92448 47101 -3908 
6 5
-658 25435 -85327 -70684 -95007 47972 
11566 -90508 -90226 -73963 30682 4255 
-53259 -12639 -14006 -26090 -17036 78702 
-52915 60750 52793 52986 -22840 90111 
-8111 34185 -88034 -56134 8676 -55374 
8752 -51063 28742 53846 42963 86408 
-48627 42443 20710 2637 -29014 67179 
15 1
-45691 -23252 86867 -41892 31337 -82419 88156 -95028 -7602 32742 -73960 -43602 16747 -35514 -31338 
-6459 89594 -72882 92888 -92876 17144 -41107 -57841 66041 -15559 -49996 -54707 -94940 -52024 32052 
40891 -86432 -95670 71988 74097 52716 74146 23414 -53863 74735 -21801 38963 14574 -2757 -46359 
91945 -11237 41376 -84215 -92398 -16593 65080 99868 32214 31948 61152 -51729 -53641 -71119 -88090 
54740 59704 2435 87222 10346 -65706 -27688 -2301 -82705 86018 -90172 96244 -94237 76059 -61625 
-91628 -52936 -79057 32243 20209 -848 48093 1860 6893 -60875 -61846 -87689 -51274 -36793 98172 
5927 33359 -1815 12775 50027 96596 14297 -24665 78135 -67496 61170 -97781 -97064 -62505 665 
79638 85898 -10714 -98760 83867 12181 62726 -80536 88871 4819 50028 -8126 93219 -52969 58134 
-30903 -17531 77043 -37533 -82475 30536 -58235 -59578 -93072 -61135 -89752 74025 -62132 -13571 -81047 
36592 34084 51631 -99211 -83675 88676 -9203 40323 -28339 -60597 -6370 49078 58465 -10296 -94622 
85227 89314 -41242 -26561 79494 -47385 -10857 88450 -72062 51714 -29397 -91285 61497 67216 -30498 
-32844 33763 -5613 40117 -34700 46811 16995 -27507 2826 -92304 -17596 -51658 36508 -64649 83441 
2133 40463 -91875 -2704 -4392 9144 -45401 16234 -53222 29743 -87636 1864 77781 -95616 -55330 
-14410 34351 -25034 17220 -441 -62161 2570 -36971 70804 69523 31530 -33123 -41914 14145 -63112 
72480 -98418 -96505 35228 47883 -78783 52312 -68466 -12209 63327 -43229 -5997 16874 -6545 -67386 
-42534 -72465 81607 37060 -76997 92804 -79130 -6603 -81090 90888 53810 -86810 59839 -95471 70374 
7 1
60140 -99269 32469 35381 70232 -50465 71625 
-26747 -15381 -59743 -40163 -69899 -10747 -16624 
91539 78166 39125 65136 39952 5630 24307 
22584 -24233 -48187 -32277 73415 65866 4965 
-32551 -23310 -53890 46180 92613 -66776 -44449 
96563 -3573 6522 -66303 -96860 58144 22112 
14838 -50068 -46666 83888 46241 -42987 -88327 
-10850 -99887 42353 -4353 -64227 -21141 1994 
20 13
-49491 -67866 -52431 -68363 95507 24946 70641 -45363 -85057 73782 -69338 -41734 -12462 -69529 96627 95515 82566 18238 35396 -67568 
-48762 -70661 7063 -80621 -22334 -90070 -76831 -52487 -37168 -9233 3644 74445 -964 82262 70670 94470 23251 70270 71375 31200 
-38843 12744 34141 99876 -29053 52019 72612 25481 -95486 -99285 -93428 75573 69982 24072 -26057 52523 -95939 -75436 -54736 86634 
44769 -40970 10301 49752 21873 -14802 -16013 -64459 -74275 -44231 -97143 67523 -8827 -23335 19544 -87492 47368 55987 11482 15580 
34506 7580 42220 -9307 21301 49058 99348 -53183 84956 61065 13730 12216 -81419 -58924 69152 63009 -5036 18004 -90644 -45976 
13682 96153 -32527 -50072 -17786 -74377 -98775 -92058 -25919 88910 -81766 84140 -339 31562 -17733 84366 -44644 11209 86797 -75932 
52900 -60278 38347 35655 70707 -15367 -40038 -89480 -51343 -89678 46291 83056 72327 -24470 -19181 -9895 25947 -74235 -56101 8967 
99203 52259 24958 92071 -89240 -81428 94373 -43309 -47694 -61664 -44916 54055 -13627 23305 14835 80231 10634 -82747 -82459 -97360 
25442 24545 18438 -54683 36991 -98214 10283 -79916 -13017 -63508 -17912 -63779 77574 -91356 -72946 -70429 98729 3944 -40955 -87104 
14123 -70293 6621 30438 -84616 72864 8649 -59886 75363 -91634 20839 50988 17030 -65210 -64810 70231 43295 16972 -29211 11015 
96579 16681 32993 -48179 -55658 41577 93035 -90605 68581 -53178 84197 -71912 -72750 -21042 -11813 -8491 11192 99972 22905 -17111 
-96957 2622 -5470 28532 33820 -11131 -72191 69998 28068 -80129 -2711 -25943 5503 -40162 67743 -16111 -76199 27791 -38891 -37160 
64625 -55080 -60882 3421 -66196 -46335 20319 -27725 -56519 52232 81092 46146 81476 -9928 -73569 -9379 -74333 47594 -65905 -98024 
30331 73911 -21776 -55928 74780 -98166 15266 -7842 -63009 -69280 -99799 46456 7435 -40636 -71384 85706 -89788 75802 -61774 -25863 
76168 39303 -24443 -95128 41383 2726 -77202 -492 86886 74930 -55267 -37306 -2067 5145 -11499 -9201 -18424 46876 13442 80233 
31803 -45158 -54385 -83702 49549 -17549 11757 87566 30495 85282 17725 -37510 -85258 64637 -19894 76024 -2198 99252 5198 -79044 
-4855 -24567 -97833 57042 79747 -99661 71225 -34459 74356 11392 -86195 77245 91695 -64656 -31194 -28370 97478 -56181 -63181 -41706 
-61905 -20410 72173 -29344 18410 -36414 64409 -83644 -57478 -78845 -8722 -93890 -66634 -63143 -21867 73149 -25766 8402 -79835 32528 
46022 77839 -37875 82733 -28789 55656 -93339 47835 -80467 -15844 20375 -27480 -34732 -6455 5621 35330 -16355 -55586 8893 70332 
8598 43251 88914 -9024 -33076 50840 -57388 89861 -43638 -29981 59631 -39947 68709 65470 -92196 -46990 -78414 18631 48728 21488 
64823 -57215 4986 48426 52250 101 -73552 17452 -27680 60871 46111 26827 12453 -27314 -35029 51062 -11436 84992 -35783 55303 
1 1
45641 
-39330 
