5
1 0
2 0
3 2
4 2
2 0

10
1 0
2 1
3 0
4 3
5 4
6 3
7 1
8 0
9 7
1 0

15
1 0
2 0
3 1
4 2
5 1
6 3
7 2
8 4
9 6
10 2
11 8
12 7
13 3
14 7
1 0
200
1 0
2 0
3 1
4 1
5 3
6 4
7 3
8 3
9 8
10 1
11 4
12 10
13 2
14 13
15 10
16 1
17 2
18 15
19 3
20 11
21 19
22 6
23 7
24 11
25 6
26 13
27 23
28 1
29 7
30 10
31 3
32 7
33 3
34 10
35 22
36 33
37 15
38 10
39 36
40 24
41 6
42 1
43 6
44 30
45 6
46 11
47 30
48 46
49 14
50 33
51 20
52 9
53 11
54 48
55 33
56 44
57 9
58 45
59 25
60 14
61 35
62 61
63 7
64 12
65 52
66 49
67 12
68 41
69 5
70 16
71 65
72 47
73 60
74 58
75 9
76 22
77 0
78 49
79 36
80 5
81 49
82 81
83 61
84 9
85 35
86 25
87 24
88 83
89 43
90 0
91 51
92 83
93 11
94 18
95 94
96 14
97 33
98 52
99 96
100 79
101 94
102 48
103 46
104 18
105 90
106 44
107 32
108 82
109 75
110 0
111 14
112 54
113 79
114 57
115 12
116 108
117 13
118 69
119 68
120 116
121 63
122 62
123 2
124 16
125 17
126 1
127 92
128 32
129 26
130 1
131 44
132 28
133 26
134 38
135 122
136 108
137 34
138 82
139 39
140 40
141 42
142 21
143 11
144 57
145 22
146 133
147 36
148 63
149 136
150 10
151 121
152 103
153 4
154 28
155 24
156 115
157 140
158 45
159 43
160 132
161 115
162 122
163 25
164 94
165 38
166 125
167 111
168 40
169 18
170 142
171 33
172 4
173 150
174 54
175 129
176 72
177 172
178 152
179 83
180 45
181 161
182 78
183 22
184 22
185 8
186 87
187 134
188 7
189 43
190 175
191 27
192 44
193 73
194 180
195 18
196 146
197 89
198 91
199 151
2 0

200
1 0
2 0
3 0
4 2
5 0
6 2
7 2
8 2
9 2
10 6
11 0
12 10
13 11
14 12
15 10
16 7
17 15
18 3
19 17
20 6
21 13
22 1
23 13
24 11
25 18
26 5
27 22
28 0
29 21
30 12
31 1
32 19
33 0
34 32
35 16
36 1
37 19
38 19
39 23
40 21
41 17
42 7
43 39
44 25
45 34
46 22
47 21
48 21
49 0
50 1
51 35
52 50
53 41
54 38
55 19
56 16
57 35
58 32
59 34
60 55
61 0
62 40
63 10
64 16
65 52
66 10
67 34
68 38
69 59
70 38
71 27
72 0
73 70
74 27
75 0
76 47
77 25
78 9
79 14
80 62
81 13
82 49
83 59
84 67
85 84
86 27
87 50
88 64
89 15
90 54
91 6
92 28
93 53
94 15
95 25
96 3
97 42
98 13
99 38
100 67
101 6
102 19
103 54
104 47
105 93
106 50
107 97
108 36
109 59
110 24
111 105
112 97
113 39
114 85
115 39
116 3
117 109
118 111
119 118
120 50
121 60
122 62
123 108
124 76
125 14
126 110
127 22
128 83
129 119
130 6
131 82
132 92
133 86
134 113
135 90
136 89
137 70
138 17
139 35
140 94
141 136
142 59
143 135
144 110
145 31
146 94
147 92
148 75
149 40
150 70
151 142
152 31
153 148
154 96
155 39
156 41
157 62
158 2
159 118
160 154
161 9
162 104
163 73
164 112
165 1
166 55
167 91
168 43
169 13
170 34
171 5
172 106
173 148
174 81
175 127
176 100
177 72
178 4
179 0
180 8
181 135
182 20
183 118
184 165
185 1
186 82
187 63
188 29
189 12
190 31
191 97
192 162
193 135
194 173
195 145
196 123
197 5
198 156
199 55
25 0

200
1 0
2 1
3 1
4 1
5 0
6 4
7 4
8 7
9 6
10 2
11 9
12 7
13 6
14 12
15 13
16 5
17 15
18 5
19 0
20 0
21 3
22 12
23 4
24 9
25 19
26 0
27 22
28 26
29 23
30 16
31 20
32 24
33 1
34 22
35 34
36 25
37 24
38 36
39 23
40 0
41 0
42 12
43 21
44 26
45 12
46 19
47 46
48 36
49 32
50 33
51 33
52 33
53 30
54 53
55 53
56 51
57 17
58 7
59 11
60 15
61 5
62 17
63 49
64 22
65 13
66 38
67 22
68 15
69 26
70 8
71 39
72 66
73 16
74 58
75 73
76 5
77 27
78 23
79 8
80 61
81 66
82 47
83 68
84 29
85 27
86 58
87 45
88 22
89 57
90 33
91 27
92 86
93 48
94 84
95 83
96 49
97 36
98 63
99 90
100 29
101 24
102 27
103 50
104 80
105 93
106 6
107 30
108 73
109 101
110 92
111 21
112 111
113 34
114 93
115 31
116 35
117 69
118 59
119 33
120 108
121 92
122 57
123 66
124 44
125 13
126 93
127 117
128 59
129 22
130 61
131 99
132 68
133 89
134 3
135 11
136 131
137 76
138 85
139 13
140 27
141 13
142 12
143 23
144 54
145 34
146 117
147 126
148 113
149 90
150 31
151 54
152 57
153 76
154 73
155 26
156 77
157 142
158 142
159 111
160 126
161 54
162 45
163 33
164 155
165 102
166 27
167 45
168 104
169 86
170 136
171 86
172 142
173 118
174 14
175 78
176 127
177 98
178 34
179 64
180 7
181 25
182 70
183 8
184 71
185 104
186 168
187 33
188 117
189 60
190 118
191 4
192 116
193 175
194 52
195 34
196 153
197 84
198 15
199 103
156 4

200
1 0
2 1
3 1
4 0
5 3
6 4
7 6
8 5
9 2
10 6
11 1
12 5
13 7
14 1
15 2
16 4
17 14
18 16
19 18
20 13
21 17
22 14
23 9
24 19
25 23
26 2
27 22
28 9
29 16
30 2
31 22
32 25
33 17
34 10
35 4
36 21
37 26
38 19
39 13
40 9
41 22
42 21
43 20
44 43
45 9
46 30
47 45
48 26
49 44
50 48
51 30
52 33
53 2
54 13
55 22
56 22
57 29
58 39
59 13
60 55
61 52
62 10
63 57
64 20
65 46
66 49
67 65
68 38
69 64
70 25
71 24
72 11
73 43
74 30
75 30
76 33
77 24
78 69
79 2
80 34
81 67
82 15
83 75
84 31
85 20
86 39
87 24
88 32
89 53
90 57
91 8
92 5
93 81
94 29
95 24
96 1
97 20
98 24
99 98
100 10
101 52
102 53
103 27
104 84
105 20
106 28
107 64
108 76
109 55
110 19
111 78
112 61
113 6
114 33
115 51
116 103
117 41
118 114
119 76
120 60
121 61
122 10
123 92
124 30
125 72
126 15
127 110
128 114
129 53
130 50
131 119
132 43
133 75
134 50
135 59
136 33
137 31
138 72
139 0
140 99
141 69
142 55
143 69
144 44
145 25
146 31
147 72
148 22
149 77
150 40
151 24
152 62
153 20
154 107
155 9
156 50
157 104
158 153
159 19
160 23
161 17
162 154
163 5
164 122
165 67
166 46
167 26
168 141
169 43
170 150
171 138
172 80
173 149
174 159
175 3
176 84
177 100
178 5
179 170
180 158
181 120
182 58
183 15
184 110
185 95
186 77
187 47
188 150
189 126
190 61
191 57
192 101
193 30
194 189
195 100
196 28
197 65
198 122
199 160
117 1

200
1 0
2 0
3 1
4 3
5 3
6 4
7 6
8 4
9 1
10 1
11 3
12 9
13 3
14 9
15 8
16 5
17 7
18 0
19 7
20 15
21 6
22 11
23 12
24 10
25 8
26 23
27 8
28 3
29 8
30 16
31 8
32 23
33 32
34 0
35 14
36 29
37 30
38 24
39 4
40 14
41 16
42 18
43 20
44 2
45 8
46 7
47 33
48 20
49 16
50 8
51 1
52 40
53 15
54 6
55 43
56 14
57 18
58 7
59 22
60 12
61 1
62 21
63 44
64 33
65 64
66 3
67 36
68 63
69 59
70 46
71 21
72 7
73 70
74 28
75 12
76 48
77 76
78 49
79 11
80 26
81 24
82 81
83 7
84 56
85 55
86 1
87 40
88 1
89 46
90 88
91 42
92 25
93 80
94 85
95 70
96 46
97 22
98 36
99 30
100 35
101 9
102 82
103 83
104 43
105 95
106 80
107 45
108 43
109 32
110 79
111 28
112 91
113 42
114 51
115 53
116 45
117 100
118 10
119 76
120 99
121 17
122 13
123 48
124 32
125 4
126 57
127 3
128 46
129 76
130 13
131 15
132 42
133 122
134 66
135 76
136 134
137 14
138 108
139 98
140 139
141 1
142 98
143 118
144 84
145 132
146 112
147 143
148 76
149 70
150 95
151 24
152 30
153 106
154 10
155 41
156 24
157 111
158 82
159 147
160 109
161 157
162 137
163 0
164 26
165 25
166 54
167 163
168 51
169 166
170 60
171 59
172 161
173 172
174 82
175 145
176 116
177 142
178 126
179 149
180 142
181 118
182 16
183 78
184 144
185 4
186 102
187 130
188 85
189 50
190 79
191 32
192 171
193 105
194 140
195 85
196 195
197 191
198 101
199 47
23 0

200
1 0
2 1
3 2
4 3
5 4
6 1
7 0
8 0
9 1
10 1
11 8
12 6
13 3
14 6
15 10
16 8
17 9
18 14
19 7
20 14
21 7
22 7
23 1
24 18
25 7
26 16
27 25
28 3
29 2
30 28
31 28
32 5
33 13
34 28
35 24
36 20
37 36
38 29
39 9
40 12
41 3
42 16
43 27
44 34
45 26
46 0
47 15
48 26
49 43
50 31
51 33
52 28
53 43
54 49
55 28
56 46
57 44
58 10
59 39
60 52
61 7
62 56
63 9
64 9
65 44
66 41
67 15
68 43
69 57
70 53
71 24
72 27
73 19
74 66
75 37
76 35
77 23
78 36
79 19
80 57
81 16
82 7
83 45
84 27
85 44
86 27
87 53
88 65
89 56
90 26
91 22
92 47
93 43
94 70
95 19
96 15
97 74
98 38
99 37
100 81
101 29
102 6
103 4
104 11
105 45
106 61
107 44
108 105
109 25
110 75
111 100
112 73
113 82
114 93
115 56
116 36
117 110
118 46
119 113
120 53
121 14
122 104
123 40
124 102
125 82
126 69
127 114
128 61
129 38
130 29
131 106
132 93
133 67
134 2
135 46
136 44
137 126
138 27
139 104
140 33
141 114
142 126
143 56
144 28
145 131
146 77
147 140
148 17
149 34
150 76
151 130
152 15
153 114
154 141
155 133
156 103
157 105
158 46
159 87
160 135
161 145
162 68
163 36
164 36
165 3
166 14
167 0
168 94
169 11
170 114
171 126
172 43
173 56
174 153
175 94
176 113
177 141
178 148
179 97
180 48
181 61
182 180
183 21
184 169
185 88
186 25
187 177
188 74
189 159
190 85
191 25
192 178
193 118
194 167
195 41
196 79
197 172
198 193
199 59
147 1

200
1 0
2 0
3 0
4 1
5 0
6 3
7 5
8 3
9 7
10 6
11 4
12 6
13 1
14 8
15 6
16 1
17 8
18 8
19 13
20 1
21 1
22 16
23 2
24 19
25 14
26 4
27 3
28 4
29 15
30 16
31 28
32 22
33 26
34 32
35 12
36 27
37 27
38 28
39 15
40 13
41 31
42 19
43 15
44 11
45 13
46 18
47 35
48 1
49 29
50 42
51 28
52 15
53 17
54 16
55 13
56 0
57 52
58 17
59 21
60 26
61 7
62 48
63 37
64 10
65 8
66 54
67 40
68 64
69 40
70 68
71 10
72 67
73 41
74 45
75 37
76 44
77 56
78 73
79 0
80 44
81 31
82 56
83 37
84 56
85 50
86 43
87 72
88 42
89 2
90 85
91 23
92 75
93 49
94 21
95 94
96 57
97 56
98 58
99 62
100 63
101 80
102 96
103 102
104 20
105 92
106 6
107 63
108 11
109 86
110 54
111 75
112 76
113 62
114 13
115 17
116 3
117 37
118 59
119 26
120 19
121 79
122 108
123 24
124 117
125 41
126 25
127 74
128 27
129 68
130 89
131 122
132 127
133 66
134 78
135 9
136 68
137 19
138 70
139 37
140 102
141 67
142 140
143 101
144 57
145 12
146 29
147 101
148 137
149 95
150 38
151 122
152 131
153 11
154 113
155 18
156 133
157 106
158 114
159 18
160 33
161 37
162 70
163 141
164 162
165 72
166 99
167 39
168 58
169 94
170 104
171 99
172 117
173 104
174 169
175 153
176 76
177 106
178 76
179 154
180 43
181 71
182 89
183 86
184 145
185 72
186 74
187 24
188 34
189 173
190 48
191 35
192 124
193 159
194 61
195 57
196 35
197 153
198 127
199 46
67 0

200
1 0
2 1
3 2
4 3
5 1
6 0
7 5
8 7
9 5
10 2
11 5
12 11
13 10
14 9
15 2
16 3
17 10
18 2
19 0
20 2
21 5
22 3
23 17
24 10
25 19
26 12
27 1
28 24
29 12
30 0
31 17
32 8
33 10
34 14
35 13
36 27
37 32
38 12
39 32
40 0
41 35
42 36
43 42
44 26
45 22
46 26
47 25
48 0
49 40
50 8
51 36
52 27
53 29
54 11
55 53
56 27
57 26
58 11
59 58
60 18
61 46
62 54
63 45
64 28
65 8
66 8
67 24
68 30
69 3
70 19
71 1
72 49
73 52
74 47
75 52
76 24
77 17
78 57
79 15
80 10
81 13
82 24
83 58
84 33
85 79
86 62
87 3
88 77
89 64
90 14
91 55
92 6
93 27
94 44
95 10
96 45
97 64
98 94
99 37
100 28
101 37
102 20
103 46
104 44
105 44
106 96
107 82
108 4
109 33
110 45
111 103
112 96
113 2
114 0
115 45
116 82
117 87
118 14
119 23
120 109
121 21
122 6
123 114
124 5
125 43
126 63
127 96
128 109
129 111
130 13
131 10
132 114
133 48
134 130
135 20
136 67
137 115
138 50
139 54
140 59
141 27
142 24
143 40
144 122
145 134
146 105
147 62
148 89
149 110
150 107
151 132
152 52
153 64
154 65
155 74
156 130
157 33
158 57
159 66
160 53
161 1
162 50
163 68
164 93
165 106
166 57
167 93
168 130
169 27
170 165
171 141
172 25
173 13
174 103
175 35
176 120
177 169
178 45
179 98
180 73
181 94
182 103
183 111
184 108
185 35
186 149
187 167
188 36
189 53
190 187
191 102
192 130
193 124
194 88
195 31
196 100
197 155
198 21
199 23
178 22

200
1 0
2 1
3 1
4 3
5 2
6 2
7 0
8 0
9 3
10 5
11 7
12 3
13 5
14 10
15 13
16 3
17 10
18 6
19 16
20 17
21 2
22 15
23 17
24 3
25 12
26 21
27 4
28 4
29 17
30 2
31 25
32 22
33 1
34 27
35 32
36 26
37 2
38 34
39 25
40 37
41 32
42 11
43 29
44 5
45 43
46 15
47 22
48 14
49 44
50 35
51 33
52 32
53 39
54 37
55 43
56 36
57 1
58 45
59 1
60 49
61 6
62 3
63 45
64 15
65 47
66 58
67 23
68 1
69 8
70 17
71 14
72 36
73 30
74 19
75 13
76 48
77 11
78 55
79 42
80 49
81 68
82 12
83 81
84 54
85 1
86 76
87 20
88 17
89 45
90 7
91 26
92 36
93 56
94 92
95 28
96 21
97 56
98 46
99 27
100 35
101 7
102 98
103 36
104 38
105 76
106 22
107 88
108 29
109 102
110 3
111 104
112 38
113 22
114 33
115 41
116 77
117 37
118 57
119 6
120 13
121 92
122 99
123 80
124 16
125 122
126 20
127 100
128 108
129 28
130 65
131 16
132 119
133 112
134 49
135 46
136 21
137 120
138 44
139 55
140 38
141 11
142 91
143 39
144 102
145 27
146 86
147 124
148 125
149 41
150 14
151 121
152 132
153 31
154 112
155 17
156 138
157 84
158 19
159 146
160 79
161 101
162 131
163 57
164 32
165 16
166 3
167 68
168 79
169 94
170 123
171 159
172 151
173 21
174 9
175 134
176 123
177 66
178 115
179 51
180 3
181 68
182 154
183 35
184 74
185 156
186 175
187 4
188 48
189 149
190 185
191 8
192 67
193 95
194 122
195 135
196 105
197 38
198 127
199 153
184 16

200
1 0
2 0
3 0
4 2
5 4
6 3
7 6
8 4
9 6
10 6
11 5
12 4
13 6
14 9
15 9
16 10
17 8
18 10
19 2
20 2
21 1
22 11
23 20
24 12
25 11
26 19
27 0
28 5
29 26
30 23
31 10
32 20
33 32
34 30
35 32
36 14
37 25
38 31
39 22
40 20
41 18
42 36
43 42
44 8
45 13
46 19
47 22
48 4
49 41
50 22
51 12
52 15
53 0
54 44
55 51
56 17
57 50
58 31
59 49
60 43
61 59
62 28
63 53
64 7
65 11
66 15
67 50
68 24
69 25
70 7
71 8
72 55
73 30
74 42
75 74
76 73
77 34
78 26
79 67
80 0
81 0
82 18
83 8
84 1
85 82
86 54
87 71
88 76
89 3
90 59
91 77
92 12
93 17
94 0
95 17
96 36
97 11
98 19
99 14
100 37
101 85
102 59
103 71
104 48
105 64
106 47
107 29
108 69
109 45
110 91
111 84
112 25
113 74
114 86
115 111
116 88
117 89
118 3
119 103
120 37
121 114
122 102
123 22
124 43
125 17
126 70
127 23
128 36
129 21
130 127
131 13
132 110
133 21
134 132
135 10
136 131
137 133
138 101
139 85
140 22
141 7
142 31
143 132
144 104
145 41
146 111
147 132
148 120
149 87
150 122
151 28
152 1
153 140
154 66
155 75
156 94
157 80
158 18
159 91
160 114
161 3
162 126
163 22
164 80
165 123
166 117
167 113
168 10
169 55
170 51
171 104
172 170
173 138
174 90
175 150
176 137
177 84
178 156
179 38
180 7
181 16
182 13
183 167
184 16
185 180
186 94
187 164
188 60
189 103
190 0
191 3
192 90
193 57
194 18
195 113
196 62
197 121
198 7
199 150
67 2

200
1 0
2 0
3 0
4 2
5 0
6 2
7 4
8 6
9 1
10 5
11 10
12 6
13 9
14 7
15 6
16 7
17 9
18 12
19 8
20 10
21 13
22 20
23 21
24 10
25 2
26 18
27 6
28 0
29 6
30 11
31 22
32 4
33 16
34 7
35 19
36 15
37 18
38 14
39 8
40 0
41 34
42 3
43 23
44 14
45 37
46 12
47 1
48 28
49 9
50 16
51 19
52 37
53 51
54 38
55 20
56 35
57 34
58 53
59 24
60 3
61 1
62 15
63 26
64 3
65 21
66 36
67 28
68 19
69 23
70 50
71 9
72 21
73 28
74 30
75 67
76 50
77 22
78 75
79 8
80 14
81 8
82 56
83 80
84 23
85 73
86 61
87 63
88 83
89 80
90 59
91 49
92 43
93 36
94 8
95 62
96 30
97 24
98 41
99 16
100 67
101 17
102 88
103 94
104 22
105 103
106 96
107 55
108 49
109 57
110 90
111 85
112 57
113 23
114 78
115 36
116 45
117 11
118 38
119 1
120 22
121 48
122 5
123 79
124 9
125 73
126 25
127 43
128 41
129 102
130 23
131 64
132 116
133 94
134 101
135 129
136 1
137 103
138 85
139 109
140 73
141 73
142 126
143 129
144 118
145 9
146 10
147 139
148 27
149 38
150 8
151 139
152 80
153 71
154 137
155 134
156 118
157 105
158 75
159 14
160 64
161 123
162 23
163 112
164 12
165 34
166 102
167 129
168 95
169 124
170 132
171 22
172 123
173 157
174 89
175 145
176 20
177 43
178 93
179 23
180 77
181 28
182 87
183 92
184 34
185 146
186 65
187 164
188 84
189 162
190 175
191 182
192 67
193 153
194 126
195 69
196 167
197 9
198 166
199 21
151 139

200
1 0
2 0
3 0
4 0
5 3
6 3
7 4
8 4
9 7
10 6
11 4
12 7
13 0
14 11
15 11
16 13
17 2
18 6
19 5
20 14
21 14
22 13
23 4
24 2
25 9
26 23
27 12
28 20
29 10
30 25
31 16
32 3
33 27
34 7
35 14
36 4
37 20
38 15
39 38
40 8
41 27
42 33
43 34
44 42
45 19
46 40
47 19
48 7
49 13
50 24
51 2
52 15
53 30
54 12
55 3
56 19
57 5
58 49
59 56
60 2
61 6
62 17
63 53
64 35
65 32
66 37
67 6
68 35
69 52
70 48
71 8
72 8
73 39
74 20
75 18
76 55
77 21
78 28
79 52
80 4
81 12
82 62
83 23
84 30
85 43
86 73
87 63
88 6
89 35
90 80
91 25
92 81
93 68
94 8
95 86
96 89
97 37
98 38
99 55
100 75
101 20
102 87
103 82
104 53
105 73
106 10
107 32
108 52
109 9
110 101
111 106
112 84
113 33
114 43
115 37
116 103
117 109
118 36
119 88
120 54
121 24
122 26
123 72
124 14
125 102
126 121
127 59
128 2
129 13
130 3
131 12
132 91
133 60
134 4
135 82
136 34
137 134
138 7
139 75
140 114
141 47
142 71
143 0
144 95
145 25
146 65
147 70
148 114
149 86
150 103
151 116
152 58
153 100
154 53
155 0
156 130
157 45
158 16
159 43
160 100
161 127
162 2
163 126
164 71
165 150
166 4
167 14
168 150
169 45
170 100
171 17
172 168
173 91
174 163
175 80
176 93
177 57
178 156
179 164
180 24
181 93
182 163
183 123
184 173
185 33
186 54
187 123
188 51
189 44
190 147
191 123
192 177
193 153
194 155
195 184
196 146
197 134
198 36
199 170
136 7

200
1 0
2 0
3 2
4 1
5 4
6 0
7 1
8 3
9 2
10 1
11 1
12 6
13 9
14 10
15 14
16 5
17 15
18 9
19 17
20 8
21 20
22 20
23 1
24 3
25 12
26 4
27 1
28 9
29 19
30 5
31 3
32 11
33 13
34 12
35 21
36 3
37 23
38 10
39 12
40 37
41 39
42 40
43 6
44 27
45 3
46 3
47 12
48 36
49 32
50 20
51 11
52 27
53 12
54 26
55 48
56 1
57 38
58 17
59 34
60 56
61 40
62 12
63 57
64 15
65 5
66 59
67 21
68 26
69 12
70 66
71 28
72 62
73 57
74 23
75 12
76 21
77 29
78 44
79 60
80 28
81 59
82 70
83 47
84 15
85 24
86 32
87 22
88 21
89 83
90 38
91 39
92 54
93 52
94 78
95 26
96 11
97 38
98 89
99 67
100 93
101 75
102 44
103 52
104 21
105 44
106 57
107 0
108 94
109 42
110 3
111 6
112 15
113 13
114 39
115 70
116 100
117 40
118 95
119 65
120 6
121 17
122 103
123 16
124 47
125 98
126 26
127 38
128 83
129 53
130 14
131 95
132 116
133 81
134 35
135 104
136 43
137 18
138 48
139 3
140 9
141 120
142 92
143 68
144 78
145 35
146 130
147 95
148 106
149 62
150 4
151 150
152 77
153 9
154 143
155 81
156 148
157 46
158 5
159 16
160 22
161 90
162 51
163 57
164 45
165 71
166 59
167 106
168 54
169 15
170 96
171 42
172 63
173 44
174 62
175 147
176 12
177 67
178 48
179 88
180 55
181 76
182 26
183 164
184 52
185 159
186 152
187 40
188 122
189 0
190 137
191 55
192 191
193 185
194 108
195 22
196 37
197 106
198 118
199 179
32 0

200
1 0
2 0
3 1
4 3
5 4
6 4
7 0
8 4
9 6
10 4
11 1
12 1
13 11
14 0
15 11
16 13
17 3
18 17
19 1
20 2
21 3
22 3
23 4
24 21
25 13
26 10
27 3
28 14
29 9
30 8
31 21
32 24
33 15
34 20
35 30
36 33
37 18
38 3
39 21
40 4
41 4
42 21
43 0
44 40
45 42
46 45
47 10
48 40
49 43
50 19
51 8
52 20
53 36
54 39
55 12
56 46
57 51
58 14
59 27
60 12
61 24
62 20
63 35
64 24
65 38
66 47
67 7
68 3
69 3
70 9
71 38
72 68
73 38
74 19
75 66
76 54
77 16
78 56
79 32
80 61
81 26
82 33
83 45
84 63
85 71
86 50
87 54
88 4
89 85
90 66
91 57
92 64
93 26
94 42
95 85
96 16
97 36
98 57
99 19
100 94
101 3
102 74
103 34
104 33
105 18
106 8
107 27
108 83
109 83
110 34
111 14
112 36
113 111
114 7
115 98
116 44
117 29
118 114
119 16
120 72
121 24
122 38
123 79
124 15
125 96
126 30
127 1
128 106
129 39
130 26
131 101
132 27
133 101
134 88
135 22
136 3
137 109
138 45
139 36
140 121
141 140
142 79
143 110
144 1
145 142
146 142
147 70
148 52
149 54
150 68
151 144
152 113
153 58
154 135
155 69
156 17
157 83
158 38
159 32
160 47
161 127
162 144
163 3
164 15
165 163
166 6
167 21
168 121
169 119
170 155
171 44
172 115
173 21
174 119
175 171
176 173
177 9
178 59
179 153
180 39
181 145
182 101
183 11
184 162
185 101
186 119
187 90
188 48
189 180
190 54
191 31
192 123
193 86
194 177
195 23
196 6
197 29
198 87
199 103
186 16

200
1 0
2 0
3 1
4 0
5 2
6 5
7 5
8 3
9 8
10 1
11 9
12 6
13 11
14 5
15 8
16 12
17 14
18 16
19 16
20 0
21 14
22 8
23 21
24 11
25 13
26 11
27 20
28 6
29 1
30 1
31 9
32 31
33 0
34 30
35 2
36 24
37 29
38 28
39 5
40 36
41 25
42 2
43 4
44 16
45 11
46 11
47 38
48 21
49 2
50 29
51 28
52 45
53 9
54 43
55 16
56 30
57 31
58 17
59 14
60 21
61 2
62 29
63 41
64 43
65 2
66 46
67 7
68 61
69 59
70 5
71 9
72 48
73 47
74 55
75 67
76 48
77 35
78 7
79 19
80 1
81 36
82 13
83 32
84 51
85 66
86 47
87 84
88 25
89 55
90 89
91 33
92 32
93 72
94 47
95 72
96 92
97 66
98 48
99 52
100 58
101 44
102 41
103 75
104 66
105 57
106 25
107 4
108 21
109 22
110 77
111 99
112 75
113 63
114 8
115 79
116 112
117 106
118 4
119 21
120 36
121 32
122 94
123 1
124 13
125 97
126 123
127 108
128 20
129 115
130 90
131 42
132 76
133 15
134 22
135 55
136 119
137 133
138 6
139 126
140 118
141 16
142 118
143 1
144 47
145 131
146 33
147 85
148 32
149 20
150 13
151 135
152 111
153 93
154 90
155 33
156 5
157 113
158 106
159 126
160 106
161 44
162 89
163 113
164 85
165 152
166 6
167 28
168 95
169 107
170 114
171 69
172 48
173 138
174 161
175 103
176 163
177 165
178 14
179 162
180 30
181 60
182 27
183 38
184 150
185 138
186 106
187 43
188 2
189 19
190 87
191 163
192 127
193 58
194 17
195 187
196 63
197 193
198 87
199 171
4 0

200
1 0
2 0
3 2
4 3
5 1
6 5
7 6
8 7
9 1
10 2
11 4
12 6
13 5
14 12
15 6
16 14
17 10
18 2
19 12
20 4
21 15
22 2
23 20
24 15
25 14
26 1
27 8
28 1
29 11
30 11
31 14
32 21
33 20
34 33
35 23
36 0
37 28
38 23
39 16
40 39
41 1
42 26
43 42
44 24
45 4
46 26
47 1
48 17
49 13
50 40
51 6
52 18
53 44
54 22
55 40
56 53
57 2
58 26
59 0
60 10
61 48
62 7
63 39
64 8
65 28
66 49
67 14
68 43
69 45
70 61
71 5
72 16
73 16
74 2
75 4
76 16
77 64
78 55
79 70
80 16
81 47
82 49
83 7
84 79
85 3
86 51
87 19
88 10
89 53
90 51
91 8
92 9
93 71
94 39
95 16
96 4
97 56
98 8
99 17
100 84
101 94
102 39
103 94
104 103
105 59
106 9
107 65
108 88
109 78
110 86
111 40
112 89
113 47
114 5
115 83
116 52
117 89
118 4
119 16
120 64
121 117
122 33
123 65
124 59
125 99
126 117
127 91
128 23
129 68
130 11
131 23
132 17
133 105
134 110
135 73
136 101
137 97
138 122
139 64
140 134
141 97
142 14
143 122
144 7
145 27
146 19
147 91
148 71
149 99
150 144
151 67
152 6
153 140
154 105
155 106
156 48
157 93
158 143
159 102
160 135
161 121
162 18
163 104
164 42
165 41
166 89
167 155
168 41
169 48
170 156
171 148
172 159
173 168
174 170
175 35
176 7
177 17
178 157
179 71
180 108
181 27
182 148
183 58
184 122
185 111
186 83
187 29
188 145
189 40
190 174
191 102
192 172
193 146
194 35
195 161
196 6
197 186
198 115
199 104
33 0

200
1 0
2 1
3 2
4 0
5 1
6 5
7 5
8 3
9 0
10 3
11 9
12 9
13 3
14 12
15 10
16 14
17 0
18 5
19 13
20 3
21 7
22 6
23 19
24 11
25 3
26 15
27 22
28 20
29 4
30 24
31 10
32 12
33 28
34 3
35 13
36 7
37 33
38 31
39 10
40 8
41 15
42 36
43 14
44 17
45 37
46 30
47 24
48 29
49 23
50 0
51 13
52 1
53 44
54 26
55 24
56 40
57 20
58 42
59 8
60 55
61 48
62 29
63 21
64 11
65 3
66 46
67 63
68 52
69 10
70 40
71 18
72 28
73 54
74 73
75 6
76 16
77 20
78 59
79 1
80 0
81 22
82 7
83 72
84 36
85 33
86 15
87 30
88 85
89 25
90 54
91 46
92 44
93 45
94 38
95 20
96 9
97 33
98 75
99 73
100 78
101 42
102 83
103 62
104 42
105 81
106 62
107 81
108 4
109 47
110 16
111 51
112 44
113 111
114 99
115 44
116 94
117 86
118 86
119 43
120 114
121 7
122 30
123 51
124 82
125 72
126 113
127 0
128 17
129 32
130 36
131 93
132 52
133 116
134 94
135 122
136 19
137 114
138 133
139 13
140 105
141 48
142 21
143 124
144 104
145 137
146 21
147 58
148 111
149 6
150 134
151 55
152 13
153 47
154 90
155 8
156 115
157 66
158 141
159 86
160 91
161 9
162 20
163 114
164 140
165 145
166 51
167 64
168 68
169 61
170 88
171 103
172 4
173 120
174 47
175 94
176 173
177 154
178 138
179 138
180 139
181 78
182 24
183 108
184 176
185 54
186 13
187 110
188 152
189 22
190 144
191 71
192 3
193 50
194 84
195 56
196 105
197 75
198 83
199 137
75 0

200
1 0
2 0
3 1
4 0
5 4
6 4
7 3
8 5
9 6
10 2
11 6
12 8
13 7
14 3
15 13
16 4
17 16
18 9
19 12
20 9
21 7
22 5
23 11
24 6
25 3
26 24
27 13
28 15
29 19
30 14
31 28
32 13
33 5
34 0
35 28
36 24
37 30
38 27
39 12
40 1
41 18
42 34
43 32
44 34
45 0
46 12
47 16
48 43
49 43
50 23
51 37
52 21
53 42
54 45
55 25
56 51
57 51
58 48
59 44
60 2
61 27
62 52
63 56
64 26
65 55
66 63
67 24
68 40
69 8
70 45
71 34
72 18
73 67
74 58
75 66
76 29
77 56
78 9
79 28
80 56
81 77
82 39
83 25
84 17
85 63
86 77
87 50
88 61
89 17
90 59
91 71
92 72
93 33
94 1
95 91
96 4
97 30
98 68
99 73
100 79
101 24
102 16
103 17
104 39
105 25
106 53
107 75
108 88
109 30
110 44
111 32
112 90
113 78
114 84
115 32
116 11
117 20
118 100
119 39
120 2
121 21
122 49
123 107
124 37
125 64
126 57
127 112
128 111
129 82
130 64
131 8
132 22
133 10
134 48
135 2
136 6
137 75
138 129
139 90
140 52
141 52
142 81
143 101
144 23
145 122
146 37
147 101
148 144
149 24
150 119
151 64
152 57
153 73
154 120
155 143
156 103
157 56
158 60
159 86
160 118
161 158
162 75
163 103
164 25
165 12
166 161
167 131
168 15
169 32
170 27
171 163
172 72
173 139
174 135
175 85
176 73
177 141
178 149
179 98
180 44
181 27
182 140
183 126
184 26
185 179
186 121
187 43
188 37
189 168
190 30
191 68
192 11
193 184
194 120
195 79
196 27
197 100
198 88
199 133
61 0

200
1 0
2 0
3 0
4 1
5 0
6 5
7 4
8 0
9 4
10 7
11 3
12 2
13 6
14 3
15 8
16 12
17 5
18 5
19 9
20 5
21 12
22 12
23 16
24 21
25 6
26 22
27 23
28 16
29 28
30 7
31 1
32 11
33 1
34 7
35 29
36 26
37 7
38 34
39 13
40 26
41 36
42 26
43 7
44 21
45 6
46 16
47 31
48 16
49 6
50 46
51 45
52 28
53 30
54 24
55 19
56 7
57 23
58 26
59 24
60 35
61 50
62 53
63 18
64 43
65 37
66 14
67 22
68 17
69 59
70 57
71 10
72 25
73 49
74 15
75 55
76 16
77 1
78 18
79 47
80 55
81 69
82 61
83 56
84 41
85 13
86 28
87 6
88 0
89 76
90 84
91 90
92 90
93 28
94 17
95 47
96 72
97 94
98 34
99 63
100 78
101 22
102 89
103 67
104 70
105 37
106 100
107 86
108 4
109 30
110 41
111 8
112 24
113 4
114 11
115 49
116 12
117 50
118 10
119 64
120 35
121 64
122 18
123 31
124 44
125 93
126 7
127 35
128 72
129 43
130 50
131 64
132 35
133 3
134 7
135 112
136 108
137 85
138 62
139 34
140 27
141 25
142 76
143 139
144 136
145 54
146 35
147 63
148 97
149 107
150 81
151 104
152 95
153 25
154 10
155 42
156 29
157 20
158 46
159 130
160 92
161 93
162 53
163 154
164 157
165 163
166 20
167 71
168 48
169 163
170 125
171 170
172 117
173 136
174 95
175 135
176 161
177 123
178 84
179 47
180 48
181 121
182 72
183 137
184 86
185 65
186 30
187 80
188 1
189 2
190 99
191 110
192 16
193 110
194 66
195 30
196 6
197 121
198 171
199 148
111 8

200
1 0
2 0
3 1
4 1
5 4
6 2
7 6
8 4
9 5
10 7
11 7
12 3
13 4
14 6
15 8
16 13
17 1
18 5
19 13
20 6
21 6
22 10
23 2
24 19
25 8
26 17
27 16
28 17
29 22
30 8
31 23
32 0
33 30
34 31
35 4
36 3
37 32
38 4
39 33
40 32
41 31
42 15
43 34
44 42
45 31
46 32
47 20
48 19
49 36
50 13
51 33
52 38
53 39
54 11
55 17
56 53
57 41
58 22
59 7
60 42
61 21
62 35
63 49
64 39
65 15
66 11
67 21
68 34
69 29
70 15
71 23
72 64
73 27
74 33
75 59
76 62
77 74
78 27
79 62
80 75
81 38
82 25
83 21
84 82
85 59
86 2
87 83
88 79
89 12
90 52
91 74
92 46
93 10
94 71
95 50
96 40
97 24
98 96
99 55
100 67
101 79
102 30
103 21
104 83
105 30
106 23
107 87
108 4
109 99
110 62
111 91
112 88
113 37
114 64
115 37
116 59
117 27
118 76
119 60
120 116
121 106
122 105
123 38
124 82
125 50
126 28
127 23
128 125
129 78
130 117
131 11
132 77
133 88
134 89
135 37
136 12
137 77
138 106
139 63
140 120
141 82
142 3
143 35
144 48
145 61
146 114
147 37
148 25
149 26
150 112
151 122
152 35
153 116
154 65
155 55
156 55
157 113
158 1
159 97
160 39
161 67
162 40
163 26
164 14
165 129
166 50
167 132
168 15
169 119
170 93
171 91
172 26
173 46
174 58
175 174
176 125
177 118
178 23
179 161
180 131
181 137
182 132
183 135
184 134
185 125
186 91
187 20
188 120
189 133
190 22
191 175
192 151
193 87
194 154
195 75
196 18
197 120
198 179
199 21
177 118

200
1 0
2 0
3 2
4 3
5 4
6 5
7 2
8 1
9 1
10 5
11 7
12 6
13 8
14 3
15 0
16 5
17 16
18 3
19 4
20 8
21 7
22 8
23 3
24 21
25 19
26 2
27 25
28 16
29 13
30 29
31 5
32 11
33 3
34 14
35 8
36 7
37 28
38 17
39 32
40 4
41 15
42 27
43 10
44 33
45 0
46 19
47 34
48 17
49 25
50 7
51 7
52 13
53 3
54 41
55 10
56 44
57 51
58 32
59 36
60 45
61 1
62 48
63 4
64 5
65 42
66 49
67 20
68 20
69 20
70 60
71 40
72 70
73 34
74 10
75 68
76 25
77 28
78 76
79 74
80 55
81 53
82 28
83 75
84 9
85 8
86 25
87 49
88 37
89 58
90 45
91 54
92 28
93 86
94 72
95 7
96 30
97 43
98 48
99 57
100 81
101 74
102 50
103 97
104 99
105 39
106 62
107 4
108 79
109 100
110 98
111 0
112 23
113 109
114 23
115 114
116 14
117 89
118 76
119 53
120 102
121 98
122 85
123 72
124 51
125 88
126 43
127 125
128 78
129 53
130 14
131 83
132 110
133 87
134 54
135 108
136 134
137 55
138 34
139 89
140 118
141 6
142 69
143 106
144 1
145 11
146 46
147 80
148 9
149 96
150 84
151 135
152 82
153 97
154 110
155 90
156 131
157 124
158 79
159 156
160 136
161 15
162 150
163 51
164 157
165 41
166 58
167 82
168 165
169 149
170 61
171 53
172 101
173 14
174 77
175 104
176 45
177 60
178 157
179 108
180 85
181 38
182 80
183 122
184 79
185 46
186 168
187 50
188 75
189 47
190 107
191 166
192 112
193 60
194 126
195 78
196 50
197 90
198 190
199 160
139 7

200
1 0
2 0
3 0
4 0
5 3
6 2
7 3
8 6
9 2
10 9
11 7
12 3
13 11
14 11
15 4
16 13
17 10
18 13
19 14
20 7
21 14
22 18
23 19
24 11
25 23
26 23
27 9
28 11
29 7
30 12
31 14
32 28
33 15
34 11
35 4
36 9
37 2
38 0
39 24
40 12
41 14
42 18
43 7
44 28
45 41
46 12
47 24
48 25
49 1
50 9
51 42
52 0
53 28
54 40
55 13
56 9
57 19
58 18
59 18
60 26
61 30
62 26
63 44
64 14
65 4
66 17
67 59
68 54
69 43
70 63
71 43
72 32
73 72
74 42
75 74
76 32
77 53
78 77
79 44
80 8
81 69
82 23
83 12
84 12
85 28
86 45
87 49
88 57
89 59
90 8
91 78
92 17
93 13
94 9
95 39
96 24
97 34
98 51
99 40
100 35
101 94
102 24
103 52
104 78
105 84
106 86
107 31
108 104
109 0
110 27
111 22
112 88
113 102
114 60
115 105
116 69
117 6
118 78
119 77
120 103
121 23
122 87
123 80
124 50
125 37
126 77
127 104
128 29
129 51
130 78
131 29
132 60
133 74
134 16
135 82
136 111
137 62
138 104
139 113
140 69
141 83
142 54
143 123
144 118
145 77
146 3
147 27
148 102
149 121
150 49
151 120
152 150
153 37
154 65
155 44
156 146
157 31
158 69
159 79
160 69
161 23
162 90
163 135
164 60
165 135
166 112
167 86
168 159
169 51
170 115
171 91
172 34
173 26
174 59
175 30
176 170
177 123
178 155
179 161
180 56
181 173
182 18
183 164
184 54
185 162
186 147
187 20
188 124
189 32
190 32
191 158
192 162
193 57
194 91
195 20
196 36
197 179
198 52
199 83
177 80

200
1 0
2 1
3 1
4 0
5 4
6 4
7 5
8 6
9 1
10 1
11 10
12 8
13 0
14 11
15 4
16 0
17 6
18 4
19 13
20 8
21 8
22 1
23 20
24 22
25 8
26 20
27 11
28 26
29 18
30 7
31 12
32 17
33 29
34 4
35 23
36 14
37 13
38 20
39 23
40 3
41 11
42 4
43 26
44 38
45 27
46 36
47 28
48 1
49 5
50 45
51 50
52 31
53 20
54 9
55 7
56 12
57 41
58 27
59 11
60 26
61 54
62 24
63 2
64 45
65 26
66 17
67 53
68 36
69 34
70 39
71 32
72 34
73 48
74 57
75 68
76 58
77 17
78 14
79 66
80 3
81 15
82 54
83 52
84 72
85 49
86 54
87 39
88 82
89 50
90 64
91 23
92 75
93 59
94 76
95 3
96 45
97 39
98 34
99 1
100 46
101 81
102 74
103 66
104 86
105 46
106 10
107 10
108 30
109 89
110 17
111 41
112 95
113 71
114 55
115 1
116 61
117 106
118 1
119 62
120 56
121 110
122 120
123 1
124 25
125 2
126 77
127 4
128 86
129 59
130 46
131 56
132 9
133 32
134 126
135 14
136 81
137 54
138 69
139 16
140 124
141 10
142 32
143 62
144 29
145 4
146 16
147 144
148 39
149 140
150 125
151 101
152 83
153 104
154 7
155 12
156 37
157 44
158 114
159 54
160 56
161 68
162 151
163 100
164 127
165 109
166 52
167 37
168 141
169 165
170 88
171 109
172 127
173 52
174 129
175 60
176 95
177 73
178 143
179 57
180 102
181 88
182 29
183 59
184 3
185 1
186 165
187 65
188 10
189 105
190 144
191 15
192 109
193 121
194 66
195 65
196 108
197 134
198 68
199 65
141 0

200
1 0
2 1
3 2
4 2
5 0
6 3
7 2
8 4
9 8
10 7
11 7
12 5
13 3
14 13
15 13
16 6
17 5
18 2
19 18
20 4
21 3
22 4
23 4
24 8
25 13
26 21
27 5
28 5
29 4
30 1
31 9
32 13
33 32
34 6
35 8
36 28
37 15
38 24
39 21
40 9
41 18
42 33
43 14
44 31
45 26
46 40
47 8
48 40
49 15
50 24
51 29
52 8
53 49
54 14
55 49
56 44
57 38
58 2
59 13
60 39
61 44
62 3
63 62
64 6
65 47
66 28
67 32
68 34
69 56
70 68
71 39
72 35
73 41
74 26
75 15
76 26
77 58
78 16
79 61
80 4
81 8
82 5
83 75
84 77
85 27
86 52
87 1
88 15
89 48
90 75
91 8
92 80
93 14
94 12
95 85
96 11
97 25
98 13
99 7
100 90
101 24
102 17
103 73
104 51
105 73
106 0
107 44
108 69
109 65
110 105
111 31
112 54
113 12
114 41
115 105
116 51
117 92
118 35
119 33
120 48
121 1
122 26
123 117
124 60
125 75
126 49
127 5
128 97
129 17
130 69
131 22
132 87
133 48
134 95
135 107
136 75
137 64
138 53
139 48
140 30
141 37
142 1
143 12
144 64
145 110
146 90
147 70
148 81
149 49
150 37
151 104
152 127
153 144
154 53
155 142
156 155
157 31
158 41
159 93
160 152
161 156
162 121
163 84
164 49
165 26
166 54
167 38
168 162
169 134
170 85
171 135
172 63
173 148
174 105
175 145
176 25
177 154
178 33
179 112
180 11
181 49
182 128
183 94
184 160
185 42
186 105
187 119
188 95
189 6
190 104
191 10
192 55
193 125
194 34
195 163
196 17
197 25
198 48
199 83
25 0

200
1 0
2 0
3 1
4 3
5 1
6 2
7 3
8 6
9 6
10 9
11 10
12 5
13 0
14 1
15 6
16 8
17 3
18 11
19 6
20 4
21 17
22 0
23 0
24 23
25 8
26 5
27 24
28 22
29 9
30 16
31 0
32 3
33 13
34 29
35 16
36 24
37 22
38 31
39 27
40 18
41 16
42 31
43 25
44 32
45 38
46 5
47 42
48 40
49 11
50 22
51 40
52 21
53 40
54 20
55 43
56 6
57 29
58 46
59 13
60 22
61 28
62 35
63 50
64 15
65 46
66 18
67 66
68 39
69 29
70 31
71 12
72 56
73 1
74 32
75 64
76 39
77 6
78 31
79 4
80 8
81 68
82 27
83 80
84 31
85 23
86 71
87 44
88 48
89 49
90 39
91 82
92 9
93 57
94 24
95 26
96 22
97 35
98 85
99 67
100 4
101 40
102 74
103 87
104 3
105 84
106 99
107 51
108 33
109 66
110 92
111 4
112 88
113 101
114 39
115 65
116 3
117 94
118 52
119 105
120 55
121 27
122 96
123 62
124 25
125 69
126 50
127 75
128 103
129 99
130 92
131 34
132 91
133 26
134 103
135 9
136 124
137 23
138 123
139 16
140 85
141 79
142 16
143 136
144 7
145 2
146 66
147 50
148 98
149 50
150 140
151 107
152 121
153 140
154 49
155 153
156 72
157 140
158 6
159 91
160 45
161 65
162 158
163 49
164 63
165 97
166 132
167 66
168 85
169 132
170 58
171 17
172 147
173 67
174 145
175 5
176 19
177 101
178 22
179 70
180 19
181 71
182 134
183 113
184 182
185 38
186 29
187 54
188 181
189 90
190 120
191 116
192 98
193 153
194 52
195 6
196 124
197 109
198 72
199 41
35 6

200
1 0
2 0
3 0
4 2
5 0
6 5
7 0
8 5
9 8
10 9
11 10
12 0
13 2
14 9
15 0
16 7
17 12
18 0
19 0
20 8
21 8
22 1
23 14
24 5
25 23
26 11
27 26
28 13
29 6
30 8
31 13
32 1
33 32
34 29
35 10
36 4
37 2
38 18
39 20
40 20
41 6
42 2
43 4
44 37
45 1
46 39
47 17
48 39
49 28
50 20
51 28
52 5
53 3
54 24
55 26
56 0
57 7
58 49
59 51
60 43
61 24
62 37
63 43
64 48
65 47
66 19
67 37
68 4
69 62
70 65
71 56
72 66
73 49
74 54
75 7
76 16
77 15
78 48
79 75
80 62
81 76
82 35
83 58
84 10
85 64
86 2
87 32
88 54
89 28
90 42
91 74
92 81
93 69
94 52
95 59
96 86
97 8
98 20
99 28
100 90
101 19
102 28
103 48
104 27
105 26
106 60
107 43
108 107
109 6
110 103
111 62
112 6
113 98
114 49
115 53
116 62
117 14
118 109
119 44
120 78
121 104
122 94
123 103
124 60
125 46
126 49
127 71
128 72
129 19
130 116
131 129
132 39
133 81
134 104
135 8
136 32
137 94
138 124
139 74
140 49
141 98
142 88
143 110
144 73
145 136
146 29
147 32
148 121
149 38
150 15
151 148
152 47
153 54
154 96
155 25
156 26
157 6
158 95
159 9
160 69
161 135
162 6
163 128
164 6
165 20
166 58
167 136
168 131
169 25
170 78
171 139
172 19
173 71
174 117
175 81
176 119
177 118
178 20
179 85
180 3
181 19
182 36
183 12
184 72
185 47
186 35
187 151
188 118
189 35
190 31
191 130
192 10
193 44
194 29
195 99
196 169
197 152
198 82
199 55
63 4

200
1 0
2 1
3 1
4 1
5 0
6 2
7 0
8 2
9 6
10 6
11 4
12 2
13 1
14 3
15 11
16 2
17 7
18 1
19 6
20 18
21 11
22 11
23 15
24 21
25 5
26 8
27 12
28 12
29 1
30 11
31 23
32 10
33 1
34 26
35 19
36 3
37 30
38 20
39 23
40 17
41 38
42 41
43 8
44 34
45 35
46 35
47 44
48 1
49 5
50 19
51 26
52 49
53 48
54 37
55 8
56 8
57 53
58 31
59 36
60 42
61 46
62 60
63 38
64 55
65 14
66 19
67 1
68 50
69 26
70 65
71 52
72 45
73 15
74 71
75 12
76 18
77 5
78 56
79 74
80 51
81 32
82 8
83 16
84 35
85 5
86 29
87 62
88 87
89 68
90 43
91 7
92 45
93 66
94 82
95 52
96 39
97 20
98 32
99 21
100 7
101 80
102 78
103 21
104 75
105 20
106 31
107 77
108 22
109 26
110 3
111 30
112 79
113 73
114 67
115 45
116 70
117 7
118 29
119 82
120 44
121 106
122 1
123 110
124 12
125 85
126 82
127 114
128 3
129 105
130 124
131 13
132 112
133 75
134 63
135 43
136 124
137 5
138 58
139 15
140 113
141 38
142 93
143 95
144 32
145 17
146 40
147 128
148 145
149 72
150 23
151 34
152 142
153 120
154 62
155 141
156 89
157 61
158 41
159 117
160 52
161 151
162 97
163 102
164 51
165 93
166 133
167 58
168 150
169 11
170 95
171 65
172 86
173 8
174 120
175 126
176 108
177 57
178 151
179 7
180 177
181 161
182 100
183 84
184 36
185 145
186 24
187 32
188 104
189 4
190 1
191 188
192 62
193 26
194 113
195 31
196 125
197 121
198 67
199 146
58 4

200
1 0
2 0
3 0
4 1
5 2
6 4
7 0
8 4
9 4
10 5
11 8
12 2
13 8
14 1
15 6
16 4
17 7
18 0
19 9
20 5
21 20
22 11
23 3
24 15
25 21
26 8
27 12
28 10
29 9
30 27
31 5
32 29
33 18
34 4
35 2
36 31
37 1
38 20
39 21
40 17
41 33
42 41
43 7
44 14
45 40
46 4
47 6
48 13
49 24
50 0
51 49
52 22
53 11
54 1
55 34
56 54
57 42
58 46
59 30
60 35
61 44
62 3
63 34
64 27
65 31
66 12
67 49
68 5
69 11
70 17
71 16
72 66
73 68
74 4
75 54
76 74
77 40
78 47
79 26
80 72
81 8
82 53
83 11
84 34
85 82
86 44
87 30
88 71
89 14
90 56
91 36
92 10
93 88
94 31
95 15
96 81
97 89
98 21
99 25
100 30
101 7
102 93
103 75
104 5
105 92
106 48
107 3
108 18
109 10
110 17
111 30
112 94
113 30
114 75
115 95
116 81
117 47
118 110
119 110
120 24
121 89
122 7
123 110
124 11
125 68
126 37
127 6
128 29
129 68
130 106
131 59
132 85
133 7
134 125
135 39
136 115
137 81
138 137
139 0
140 128
141 112
142 0
143 109
144 134
145 17
146 99
147 100
148 76
149 97
150 59
151 48
152 98
153 96
154 70
155 26
156 119
157 153
158 121
159 52
160 104
161 18
162 145
163 97
164 39
165 31
166 1
167 165
168 108
169 106
170 44
171 61
172 148
173 21
174 135
175 15
176 137
177 110
178 135
179 80
180 112
181 42
182 35
183 64
184 141
185 27
186 137
187 181
188 139
189 70
190 5
191 190
192 116
193 172
194 52
195 111
196 135
197 184
198 197
199 109
156 0

200
1 0
2 0
3 1
4 3
5 4
6 3
7 1
8 7
9 3
10 0
11 1
12 11
13 12
14 11
15 3
16 7
17 6
18 15
19 8
20 14
21 12
22 5
23 19
24 17
25 6
26 16
27 4
28 23
29 26
30 12
31 12
32 11
33 23
34 16
35 24
36 20
37 29
38 15
39 21
40 21
41 13
42 18
43 41
44 22
45 41
46 40
47 38
48 22
49 48
50 18
51 49
52 28
53 45
54 37
55 16
56 52
57 50
58 25
59 43
60 40
61 22
62 6
63 12
64 41
65 64
66 24
67 62
68 0
69 43
70 68
71 16
72 49
73 58
74 46
75 58
76 59
77 45
78 29
79 67
80 5
81 13
82 79
83 28
84 53
85 25
86 76
87 46
88 71
89 40
90 33
91 2
92 60
93 1
94 41
95 64
96 68
97 59
98 41
99 50
100 64
101 89
102 26
103 89
104 16
105 70
106 57
107 38
108 103
109 53
110 13
111 83
112 64
113 51
114 89
115 105
116 4
117 108
118 26
119 76
120 5
121 116
122 24
123 101
124 6
125 7
126 86
127 63
128 108
129 76
130 59
131 45
132 17
133 88
134 4
135 70
136 76
137 12
138 86
139 4
140 37
141 136
142 107
143 120
144 90
145 56
146 24
147 115
148 133
149 106
150 36
151 55
152 85
153 47
154 26
155 32
156 48
157 96
158 39
159 9
160 112
161 153
162 115
163 125
164 148
165 143
166 51
167 156
168 93
169 67
170 32
171 148
172 46
173 51
174 54
175 86
176 60
177 171
178 120
179 11
180 29
181 86
182 33
183 30
184 74
185 33
186 148
187 30
188 121
189 136
190 102
191 12
192 132
193 99
194 68
195 12
196 158
197 70
198 24
199 132
89 1

200
1 0
2 1
3 1
4 3
5 2
6 1
7 4
8 2
9 4
10 7
11 5
12 4
13 0
14 3
15 12
16 4
17 9
18 3
19 6
20 4
21 19
22 8
23 14
24 5
25 7
26 14
27 5
28 27
29 14
30 24
31 4
32 25
33 20
34 24
35 30
36 14
37 20
38 27
39 21
40 26
41 26
42 37
43 35
44 36
45 25
46 43
47 46
48 9
49 35
50 43
51 39
52 49
53 34
54 46
55 45
56 34
57 33
58 8
59 17
60 12
61 50
62 14
63 28
64 48
65 26
66 52
67 16
68 20
69 67
70 48
71 21
72 6
73 13
74 35
75 74
76 32
77 76
78 61
79 58
80 25
81 57
82 66
83 59
84 35
85 46
86 4
87 56
88 43
89 59
90 21
91 44
92 3
93 58
94 35
95 39
96 31
97 91
98 54
99 5
100 39
101 19
102 77
103 74
104 73
105 97
106 42
107 58
108 95
109 94
110 101
111 62
112 99
113 98
114 52
115 110
116 82
117 111
118 41
119 14
120 92
121 92
122 76
123 115
124 122
125 103
126 64
127 117
128 38
129 86
130 119
131 99
132 101
133 23
134 111
135 33
136 52
137 21
138 42
139 103
140 64
141 8
142 95
143 89
144 110
145 113
146 55
147 117
148 103
149 33
150 59
151 131
152 4
153 16
154 125
155 75
156 111
157 113
158 1
159 26
160 75
161 32
162 12
163 80
164 127
165 45
166 62
167 54
168 167
169 164
170 137
171 159
172 138
173 137
174 144
175 35
176 156
177 2
178 84
179 176
180 33
181 136
182 67
183 19
184 163
185 157
186 178
187 38
188 1
189 108
190 188
191 154
192 25
193 25
194 148
195 13
196 184
197 140
198 113
199 177
30 2

200
1 0
2 0
3 2
4 2
5 4
6 5
7 0
8 6
9 4
10 0
11 8
12 7
13 10
14 5
15 9
16 5
17 0
18 9
19 17
20 3
21 8
22 19
23 14
24 7
25 1
26 10
27 8
28 13
29 15
30 7
31 16
32 24
33 29
34 33
35 30
36 14
37 15
38 33
39 4
40 15
41 7
42 18
43 1
44 40
45 14
46 18
47 45
48 27
49 7
50 44
51 29
52 51
53 28
54 45
55 21
56 39
57 31
58 16
59 41
60 12
61 2
62 18
63 46
64 15
65 30
66 51
67 25
68 39
69 4
70 18
71 51
72 28
73 59
74 8
75 69
76 64
77 71
78 14
79 3
80 13
81 42
82 9
83 27
84 60
85 16
86 63
87 3
88 27
89 72
90 25
91 21
92 45
93 79
94 29
95 15
96 12
97 48
98 34
99 26
100 67
101 28
102 61
103 71
104 34
105 103
106 89
107 10
108 72
109 49
110 5
111 74
112 75
113 3
114 34
115 43
116 75
117 83
118 13
119 12
120 110
121 108
122 115
123 90
124 21
125 95
126 23
127 45
128 86
129 30
130 36
131 110
132 110
133 36
134 73
135 69
136 82
137 119
138 78
139 56
140 14
141 136
142 37
143 86
144 49
145 129
146 79
147 101
148 72
149 68
150 66
151 64
152 83
153 147
154 96
155 143
156 35
157 0
158 99
159 142
160 41
161 158
162 30
163 20
164 86
165 45
166 110
167 154
168 12
169 18
170 29
171 29
172 71
173 118
174 123
175 18
176 18
177 57
178 94
179 177
180 62
181 142
182 43
183 129
184 82
185 18
186 119
187 21
188 70
189 56
190 115
191 81
192 93
193 192
194 9
195 66
196 129
197 28
198 60
199 71
151 9

200
1 0
2 0
3 0
4 3
5 0
6 4
7 1
8 1
9 2
10 5
11 6
12 5
13 9
14 0
15 1
16 3
17 4
18 15
19 10
20 1
21 11
22 8
23 7
24 13
25 13
26 19
27 25
28 8
29 26
30 13
31 19
32 26
33 7
34 14
35 25
36 19
37 35
38 25
39 22
40 28
41 17
42 24
43 42
44 17
45 1
46 39
47 9
48 17
49 14
50 30
51 17
52 26
53 17
54 2
55 52
56 19
57 0
58 55
59 21
60 38
61 35
62 27
63 2
64 53
65 64
66 62
67 23
68 18
69 33
70 51
71 31
72 11
73 22
74 40
75 63
76 47
77 7
78 2
79 70
80 78
81 1
82 64
83 80
84 5
85 66
86 47
87 78
88 69
89 18
90 41
91 52
92 77
93 60
94 74
95 61
96 22
97 32
98 97
99 21
100 38
101 12
102 32
103 53
104 77
105 60
106 38
107 19
108 85
109 14
110 62
111 49
112 43
113 57
114 71
115 62
116 22
117 95
118 21
119 99
120 75
121 52
122 51
123 63
124 100
125 120
126 79
127 28
128 47
129 122
130 52
131 55
132 58
133 118
134 79
135 72
136 47
137 93
138 42
139 24
140 49
141 38
142 138
143 43
144 128
145 38
146 69
147 15
148 143
149 132
150 9
151 93
152 52
153 71
154 147
155 85
156 104
157 81
158 40
159 158
160 11
161 46
162 38
163 107
164 96
165 122
166 39
167 69
168 90
169 127
170 50
171 107
172 145
173 115
174 64
175 101
176 104
177 107
178 75
179 94
180 62
181 71
182 103
183 88
184 92
185 157
186 32
187 39
188 111
189 185
190 174
191 126
192 144
193 69
194 61
195 193
196 82
197 154
198 112
199 8
171 0

200
1 0
2 0
3 2
4 0
5 4
6 0
7 0
8 5
9 3
10 2
11 8
12 6
13 5
14 8
15 11
16 5
17 3
18 8
19 1
20 19
21 19
22 21
23 4
24 9
25 11
26 19
27 0
28 17
29 8
30 11
31 25
32 10
33 4
34 21
35 19
36 19
37 7
38 30
39 11
40 7
41 0
42 39
43 17
44 5
45 43
46 37
47 17
48 32
49 9
50 44
51 10
52 9
53 38
54 11
55 54
56 28
57 5
58 57
59 17
60 41
61 27
62 18
63 52
64 17
65 61
66 37
67 25
68 3
69 68
70 43
71 42
72 60
73 40
74 17
75 59
76 60
77 30
78 39
79 68
80 56
81 57
82 35
83 34
84 22
85 80
86 60
87 73
88 49
89 48
90 58
91 57
92 89
93 11
94 65
95 71
96 20
97 67
98 41
99 49
100 54
101 76
102 61
103 15
104 91
105 2
106 85
107 67
108 64
109 57
110 93
111 36
112 26
113 14
114 84
115 42
116 64
117 72
118 87
119 34
120 114
121 80
122 62
123 42
124 37
125 48
126 115
127 109
128 30
129 36
130 0
131 46
132 1
133 76
134 67
135 116
136 62
137 118
138 68
139 68
140 113
141 8
142 134
143 19
144 46
145 132
146 58
147 51
148 54
149 16
150 90
151 34
152 78
153 31
154 126
155 150
156 47
157 81
158 33
159 121
160 22
161 82
162 48
163 66
164 45
165 117
166 59
167 12
168 78
169 85
170 0
171 66
172 6
173 84
174 49
175 17
176 71
177 6
178 19
179 24
180 114
181 119
182 136
183 47
184 81
185 30
186 4
187 89
188 43
189 144
190 44
191 13
192 126
193 107
194 2
195 79
196 193
197 86
198 133
199 21
130 0

200
1 0
2 0
3 2
4 0
5 0
6 5
7 3
8 3
9 0
10 2
11 5
12 9
13 8
14 6
15 9
16 2
17 12
18 13
19 16
20 6
21 9
22 4
23 14
24 4
25 1
26 5
27 13
28 19
29 28
30 17
31 4
32 30
33 14
34 23
35 17
36 29
37 25
38 14
39 19
40 15
41 25
42 27
43 0
44 42
45 24
46 14
47 4
48 12
49 41
50 21
51 36
52 21
53 32
54 21
55 0
56 45
57 51
58 12
59 34
60 59
61 44
62 12
63 15
64 37
65 11
66 53
67 50
68 15
69 65
70 60
71 46
72 54
73 27
74 31
75 57
76 35
77 6
78 53
79 22
80 63
81 75
82 43
83 73
84 9
85 33
86 3
87 37
88 78
89 81
90 10
91 6
92 2
93 50
94 12
95 31
96 61
97 83
98 72
99 89
100 75
101 35
102 85
103 2
104 4
105 80
106 30
107 63
108 66
109 92
110 74
111 24
112 103
113 13
114 81
115 30
116 99
117 37
118 72
119 38
120 83
121 70
122 110
123 38
124 110
125 111
126 49
127 68
128 2
129 117
130 34
131 34
132 24
133 22
134 90
135 118
136 115
137 118
138 102
139 129
140 124
141 111
142 1
143 138
144 98
145 111
146 125
147 11
148 77
149 74
150 46
151 76
152 57
153 8
154 89
155 141
156 104
157 131
158 35
159 16
160 118
161 115
162 78
163 80
164 14
165 7
166 156
167 37
168 54
169 106
170 49
171 68
172 86
173 168
174 103
175 145
176 48
177 46
178 28
179 112
180 30
181 51
182 21
183 126
184 61
185 13
186 166
187 47
188 51
189 66
190 96
191 140
192 191
193 87
194 129
195 113
196 95
197 65
198 13
199 32
154 36

200
1 0
2 1
3 2
4 2
5 3
6 5
7 6
8 2
9 7
10 2
11 4
12 4
13 9
14 5
15 6
16 9
17 5
18 17
19 2
20 8
21 20
22 18
23 0
24 17
25 7
26 3
27 9
28 16
29 22
30 16
31 22
32 5
33 7
34 29
35 6
36 3
37 1
38 37
39 28
40 28
41 23
42 32
43 2
44 22
45 0
46 31
47 41
48 23
49 15
50 7
51 11
52 17
53 36
54 33
55 42
56 16
57 47
58 36
59 7
60 45
61 58
62 21
63 15
64 2
65 2
66 38
67 29
68 66
69 51
70 62
71 39
72 2
73 12
74 2
75 7
76 15
77 32
78 39
79 37
80 55
81 74
82 65
83 51
84 63
85 1
86 69
87 29
88 33
89 42
90 50
91 84
92 2
93 68
94 9
95 88
96 3
97 85
98 77
99 15
100 22
101 79
102 49
103 58
104 1
105 22
106 57
107 86
108 15
109 50
110 18
111 1
112 85
113 69
114 9
115 12
116 48
117 75
118 4
119 40
120 78
121 26
122 41
123 20
124 33
125 58
126 50
127 53
128 52
129 18
130 46
131 58
132 29
133 60
134 2
135 102
136 21
137 8
138 46
139 7
140 102
141 95
142 34
143 116
144 55
145 87
146 82
147 141
148 69
149 36
150 46
151 67
152 31
153 121
154 77
155 86
156 69
157 142
158 96
159 117
160 149
161 133
162 43
163 6
164 67
165 62
166 41
167 83
168 160
169 77
170 102
171 52
172 62
173 172
174 104
175 101
176 106
177 60
178 24
179 110
180 76
181 79
182 143
183 4
184 62
185 156
186 0
187 186
188 120
189 63
190 127
191 115
192 92
193 187
194 33
195 186
196 73
197 17
198 159
199 136
157 18

200
1 0
2 1
3 2
4 1
5 4
6 3
7 3
8 0
9 8
10 8
11 4
12 11
13 12
14 4
15 13
16 11
17 11
18 10
19 10
20 9
21 19
22 6
23 12
24 2
25 6
26 3
27 7
28 24
29 28
30 12
31 10
32 18
33 8
34 22
35 32
36 4
37 26
38 15
39 5
40 22
41 11
42 40
43 13
44 11
45 30
46 33
47 3
48 20
49 16
50 47
51 25
52 43
53 29
54 12
55 40
56 43
57 53
58 0
59 56
60 49
61 46
62 50
63 30
64 43
65 45
66 40
67 10
68 17
69 15
70 68
71 18
72 38
73 54
74 7
75 43
76 72
77 7
78 26
79 74
80 41
81 65
82 56
83 39
84 46
85 28
86 84
87 49
88 66
89 85
90 62
91 65
92 71
93 88
94 73
95 27
96 30
97 76
98 28
99 89
100 99
101 72
102 55
103 20
104 93
105 54
106 75
107 88
108 43
109 88
110 28
111 104
112 32
113 0
114 50
115 110
116 7
117 22
118 114
119 78
120 8
121 72
122 86
123 50
124 55
125 114
126 111
127 44
128 51
129 21
130 27
131 72
132 85
133 54
134 133
135 10
136 84
137 21
138 70
139 129
140 131
141 135
142 44
143 36
144 82
145 59
146 34
147 13
148 42
149 62
150 30
151 101
152 7
153 35
154 62
155 136
156 56
157 0
158 62
159 87
160 83
161 19
162 23
163 38
164 94
165 155
166 19
167 125
168 99
169 138
170 42
171 158
172 129
173 54
174 160
175 22
176 167
177 149
178 27
179 142
180 57
181 143
182 177
183 79
184 7
185 51
186 136
187 133
188 56
189 120
190 94
191 186
192 62
193 67
194 12
195 19
196 113
197 153
198 45
199 19
115 24

200
1 0
2 1
3 2
4 3
5 3
6 1
7 3
8 2
9 2
10 1
11 7
12 10
13 12
14 7
15 11
16 5
17 5
18 7
19 12
20 3
21 11
22 2
23 3
24 9
25 3
26 0
27 16
28 3
29 3
30 23
31 13
32 29
33 29
34 16
35 15
36 15
37 14
38 27
39 21
40 37
41 3
42 8
43 15
44 22
45 25
46 38
47 9
48 10
49 8
50 31
51 0
52 50
53 40
54 33
55 14
56 35
57 17
58 34
59 26
60 11
61 4
62 38
63 20
64 31
65 0
66 33
67 31
68 59
69 36
70 15
71 32
72 42
73 54
74 17
75 18
76 0
77 7
78 36
79 37
80 70
81 66
82 45
83 5
84 67
85 22
86 4
87 37
88 44
89 33
90 6
91 24
92 60
93 67
94 6
95 2
96 55
97 51
98 40
99 71
100 36
101 15
102 96
103 102
104 12
105 0
106 60
107 67
108 79
109 105
110 46
111 98
112 26
113 24
114 103
115 103
116 6
117 66
118 35
119 103
120 92
121 90
122 45
123 31
124 29
125 43
126 5
127 84
128 83
129 44
130 24
131 72
132 108
133 96
134 103
135 59
136 105
137 78
138 21
139 46
140 79
141 19
142 75
143 6
144 4
145 132
146 122
147 30
148 43
149 70
150 60
151 32
152 117
153 43
154 25
155 106
156 102
157 51
158 114
159 146
160 32
161 22
162 155
163 157
164 32
165 100
166 11
167 162
168 130
169 109
170 130
171 104
172 19
173 34
174 97
175 131
176 21
177 115
178 111
179 169
180 90
181 50
182 76
183 139
184 125
185 37
186 24
187 176
188 14
189 7
190 123
191 162
192 177
193 60
194 127
195 163
196 158
197 189
198 18
199 161
3 2

200
1 0
2 0
3 0
4 1
5 3
6 0
7 3
8 0
9 6
10 5
11 6
12 6
13 8
14 8
15 0
16 1
17 2
18 17
19 17
20 6
21 16
22 4
23 4
24 6
25 22
26 1
27 2
28 9
29 1
30 24
31 1
32 20
33 5
34 1
35 19
36 6
37 8
38 12
39 19
40 30
41 20
42 40
43 30
44 29
45 26
46 17
47 16
48 2
49 25
50 24
51 22
52 40
53 51
54 16
55 43
56 51
57 32
58 41
59 38
60 29
61 33
62 16
63 11
64 24
65 60
66 37
67 2
68 40
69 43
70 4
71 69
72 62
73 23
74 17
75 45
76 46
77 29
78 40
79 18
80 16
81 32
82 43
83 4
84 43
85 83
86 17
87 67
88 40
89 3
90 70
91 5
92 84
93 74
94 88
95 39
96 31
97 78
98 89
99 76
100 54
101 55
102 53
103 85
104 0
105 28
106 29
107 13
108 43
109 108
110 83
111 86
112 17
113 63
114 90
115 21
116 92
117 34
118 60
119 111
120 85
121 116
122 0
123 96
124 39
125 95
126 90
127 98
128 53
129 95
130 34
131 55
132 108
133 120
134 66
135 97
136 84
137 25
138 36
139 82
140 80
141 31
142 73
143 83
144 84
145 74
146 138
147 2
148 123
149 69
150 70
151 110
152 1
153 96
154 40
155 115
156 121
157 155
158 29
159 76
160 134
161 38
162 111
163 53
164 162
165 46
166 18
167 36
168 36
169 163
170 8
171 93
172 151
173 50
174 170
175 129
176 153
177 112
178 159
179 67
180 56
181 104
182 20
183 163
184 100
185 63
186 64
187 112
188 127
189 149
190 42
191 29
192 164
193 185
194 119
195 155
196 166
197 186
198 166
199 83
57 6

200
1 0
2 0
3 1
4 0
5 2
6 3
7 5
8 0
9 7
10 3
11 9
12 8
13 0
14 11
15 7
16 5
17 10
18 6
19 15
20 12
21 4
22 7
23 2
24 17
25 2
26 2
27 11
28 16
29 14
30 25
31 29
32 17
33 2
34 20
35 6
36 4
37 14
38 34
39 11
40 1
41 9
42 20
43 2
44 7
45 42
46 32
47 26
48 22
49 3
50 28
51 19
52 29
53 19
54 17
55 40
56 4
57 19
58 47
59 14
60 19
61 59
62 36
63 0
64 60
65 58
66 51
67 63
68 56
69 28
70 59
71 63
72 60
73 38
74 59
75 51
76 18
77 56
78 1
79 27
80 18
81 71
82 5
83 50
84 50
85 84
86 30
87 52
88 44
89 54
90 63
91 78
92 4
93 22
94 58
95 16
96 95
97 15
98 92
99 79
100 18
101 34
102 84
103 20
104 29
105 52
106 56
107 30
108 77
109 40
110 13
111 27
112 19
113 11
114 45
115 72
116 107
117 85
118 51
119 52
120 57
121 11
122 43
123 66
124 120
125 92
126 4
127 48
128 20
129 100
130 49
131 86
132 62
133 114
134 122
135 55
136 83
137 79
138 50
139 58
140 94
141 7
142 86
143 42
144 1
145 34
146 107
147 24
148 16
149 104
150 139
151 92
152 38
153 58
154 38
155 143
156 46
157 106
158 100
159 139
160 53
161 93
162 79
163 86
164 105
165 33
166 110
167 20
168 82
169 54
170 33
171 15
172 148
173 94
174 41
175 58
176 22
177 66
178 73
179 5
180 27
181 117
182 140
183 37
184 24
185 102
186 15
187 66
188 36
189 133
190 170
191 147
192 59
193 105
194 144
195 11
196 89
197 33
198 163
199 174
178 34

200
1 0
2 1
3 0
4 3
5 2
6 1
7 3
8 6
9 6
10 0
11 10
12 8
13 3
14 11
15 0
16 7
17 3
18 7
19 13
20 4
21 16
22 15
23 17
24 15
25 5
26 17
27 26
28 20
29 26
30 29
31 12
32 24
33 30
34 26
35 0
36 8
37 16
38 17
39 4
40 38
41 1
42 27
43 4
44 5
45 33
46 2
47 23
48 14
49 9
50 39
51 46
52 32
53 9
54 4
55 28
56 34
57 29
58 10
59 6
60 37
61 1
62 25
63 32
64 32
65 4
66 47
67 22
68 45
69 33
70 8
71 1
72 21
73 59
74 67
75 37
76 7
77 30
78 58
79 24
80 26
81 19
82 13
83 63
84 40
85 47
86 34
87 68
88 83
89 34
90 28
91 22
92 59
93 47
94 82
95 9
96 85
97 37
98 90
99 33
100 21
101 5
102 31
103 10
104 76
105 28
106 31
107 32
108 91
109 30
110 4
111 107
112 106
113 58
114 43
115 48
116 97
117 67
118 50
119 29
120 0
121 58
122 106
123 8
124 19
125 51
126 98
127 60
128 81
129 49
130 80
131 58
132 72
133 52
134 82
135 66
136 63
137 50
138 75
139 5
140 38
141 60
142 60
143 72
144 71
145 59
146 117
147 108
148 119
149 58
150 134
151 62
152 148
153 97
154 99
155 92
156 66
157 92
158 33
159 64
160 103
161 124
162 112
163 69
164 57
165 12
166 141
167 65
168 159
169 166
170 73
171 36
172 74
173 113
174 71
175 84
176 52
177 18
178 59
179 24
180 71
181 111
182 30
183 78
184 139
185 36
186 125
187 167
188 138
189 62
190 103
191 165
192 22
193 98
194 28
195 16
196 7
197 43
198 196
199 102
39 0

200
1 0
2 0
3 1
4 3
5 0
6 4
7 3
8 2
9 6
10 9
11 6
12 9
13 1
14 6
15 8
16 4
17 2
18 16
19 0
20 7
21 4
22 5
23 19
24 4
25 20
26 11
27 13
28 13
29 23
30 11
31 26
32 11
33 21
34 12
35 16
36 22
37 25
38 15
39 34
40 17
41 39
42 25
43 42
44 40
45 23
46 44
47 19
48 35
49 12
50 17
51 9
52 22
53 51
54 16
55 15
56 1
57 27
58 17
59 37
60 2
61 49
62 18
63 8
64 35
65 34
66 23
67 22
68 32
69 59
70 40
71 62
72 30
73 6
74 36
75 25
76 62
77 67
78 77
79 21
80 69
81 52
82 71
83 18
84 63
85 29
86 28
87 79
88 17
89 74
90 75
91 3
92 27
93 53
94 73
95 36
96 33
97 92
98 29
99 70
100 3
101 29
102 43
103 101
104 12
105 10
106 71
107 1
108 40
109 107
110 97
111 0
112 71
113 81
114 62
115 20
116 79
117 78
118 94
119 59
120 12
121 87
122 52
123 8
124 86
125 115
126 102
127 71
128 71
129 63
130 61
131 2
132 3
133 2
134 112
135 90
136 77
137 96
138 28
139 114
140 50
141 42
142 131
143 88
144 143
145 61
146 116
147 106
148 107
149 55
150 59
151 98
152 39
153 118
154 116
155 21
156 32
157 10
158 136
159 70
160 40
161 153
162 100
163 118
164 19
165 10
166 154
167 142
168 5
169 92
170 83
171 87
172 17
173 2
174 2
175 19
176 49
177 119
178 129
179 7
180 39
181 1
182 72
183 61
184 85
185 76
186 69
187 155
188 123
189 23
190 172
191 78
192 149
193 179
194 76
195 174
196 11
197 147
198 62
199 42
149 8

200
1 0
2 0
3 2
4 3
5 0
6 3
7 1
8 7
9 6
10 6
11 9
12 11
13 12
14 9
15 1
16 12
17 0
18 3
19 5
20 18
21 0
22 3
23 13
24 7
25 21
26 25
27 11
28 0
29 22
30 17
31 13
32 24
33 8
34 16
35 17
36 34
37 22
38 34
39 21
40 0
41 39
42 10
43 8
44 33
45 11
46 37
47 1
48 26
49 42
50 21
51 25
52 22
53 21
54 9
55 21
56 14
57 4
58 37
59 51
60 49
61 35
62 37
63 24
64 10
65 30
66 59
67 5
68 2
69 14
70 60
71 59
72 46
73 46
74 21
75 38
76 59
77 52
78 25
79 17
80 0
81 62
82 27
83 22
84 8
85 40
86 34
87 27
88 31
89 49
90 46
91 24
92 84
93 16
94 93
95 32
96 67
97 75
98 70
99 63
100 55
101 30
102 4
103 9
104 37
105 95
106 94
107 41
108 3
109 43
110 29
111 66
112 101
113 91
114 80
115 81
116 83
117 6
118 10
119 18
120 77
121 12
122 20
123 95
124 83
125 67
126 90
127 71
128 15
129 18
130 9
131 116
132 91
133 92
134 120
135 125
136 80
137 4
138 99
139 72
140 112
141 21
142 36
143 39
144 130
145 64
146 10
147 12
148 58
149 42
150 3
151 133
152 12
153 29
154 119
155 64
156 6
157 36
158 147
159 54
160 20
161 51
162 144
163 136
164 108
165 42
166 66
167 105
168 135
169 84
170 54
171 112
172 57
173 48
174 86
175 6
176 23
177 145
178 85
179 18
180 96
181 90
182 61
183 85
184 178
185 28
186 76
187 89
188 57
189 138
190 30
191 2
192 112
193 44
194 13
195 76
196 136
197 166
198 14
199 128
160 2

200
1 0
2 0
3 1
4 1
5 2
6 4
7 1
8 5
9 0
10 9
11 6
12 4
13 3
14 8
15 9
16 6
17 16
18 3
19 17
20 17
21 6
22 21
23 7
24 17
25 19
26 14
27 3
28 19
29 14
30 17
31 4
32 20
33 12
34 4
35 19
36 24
37 25
38 29
39 13
40 16
41 32
42 27
43 34
44 4
45 14
46 40
47 9
48 6
49 30
50 43
51 3
52 14
53 9
54 42
55 11
56 51
57 46
58 50
59 53
60 43
61 17
62 15
63 52
64 43
65 42
66 42
67 63
68 26
69 22
70 8
71 61
72 35
73 20
74 30
75 41
76 0
77 18
78 18
79 33
80 3
81 9
82 19
83 57
84 27
85 27
86 82
87 73
88 17
89 86
90 17
91 47
92 59
93 60
94 84
95 24
96 83
97 78
98 30
99 49
100 2
101 27
102 53
103 91
104 27
105 101
106 55
107 95
108 24
109 18
110 27
111 77
112 18
113 102
114 32
115 2
116 89
117 70
118 39
119 9
120 15
121 14
122 6
123 40
124 86
125 112
126 118
127 120
128 91
129 51
130 104
131 9
132 114
133 115
134 76
135 89
136 132
137 78
138 7
139 129
140 54
141 110
142 108
143 45
144 16
145 127
146 22
147 133
148 89
149 4
150 23
151 29
152 5
153 149
154 131
155 94
156 69
157 12
158 153
159 105
160 153
161 146
162 158
163 16
164 52
165 146
166 61
167 126
168 103
169 92
170 169
171 124
172 147
173 153
174 38
175 117
176 84
177 87
178 1
179 101
180 42
181 161
182 161
183 42
184 54
185 159
186 22
187 123
188 139
189 153
190 26
191 166
192 34
193 168
194 146
195 66
196 24
197 184
198 160
199 173
54 0

200
1 0
2 1
3 2
4 2
5 2
6 0
7 5
8 5
9 6
10 4
11 0
12 10
13 0
14 2
15 9
16 7
17 12
18 10
19 0
20 5
21 8
22 17
23 16
24 21
25 15
26 19
27 21
28 7
29 10
30 12
31 22
32 25
33 21
34 14
35 23
36 7
37 31
38 7
39 0
40 18
41 9
42 7
43 22
44 23
45 3
46 1
47 13
48 28
49 30
50 23
51 36
52 23
53 24
54 1
55 23
56 47
57 44
58 37
59 13
60 8
61 43
62 21
63 25
64 53
65 40
66 18
67 42
68 63
69 44
70 30
71 37
72 53
73 40
74 29
75 63
76 2
77 53
78 39
79 26
80 52
81 47
82 51
83 5
84 81
85 39
86 31
87 64
88 34
89 27
90 14
91 62
92 80
93 29
94 42
95 82
96 68
97 58
98 41
99 6
100 31
101 14
102 34
103 21
104 96
105 91
106 49
107 101
108 45
109 53
110 85
111 39
112 72
113 27
114 73
115 111
116 91
117 103
118 107
119 59
120 30
121 28
122 32
123 46
124 114
125 87
126 90
127 18
128 0
129 6
130 56
131 14
132 130
133 125
134 106
135 129
136 99
137 116
138 90
139 110
140 63
141 55
142 5
143 67
144 89
145 14
146 68
147 44
148 14
149 127
150 133
151 134
152 116
153 85
154 84
155 7
156 42
157 120
158 91
159 14
160 15
161 116
162 137
163 33
164 109
165 102
166 87
167 1
168 108
169 28
170 109
171 2
172 71
173 11
174 88
175 83
176 11
177 6
178 30
179 146
180 42
181 0
182 126
183 165
184 62
185 50
186 35
187 63
188 127
189 53
190 80
191 94
192 52
193 116
194 2
195 94
196 59
197 14
198 146
199 70
105 8

200
1 0
2 0
3 2
4 2
5 2
6 4
7 6
8 2
9 5
10 8
11 3
12 9
13 9
14 6
15 3
16 10
17 12
18 16
19 16
20 12
21 12
22 18
23 16
24 2
25 6
26 8
27 19
28 11
29 14
30 27
31 16
32 0
33 12
34 22
35 34
36 8
37 5
38 9
39 35
40 16
41 36
42 21
43 37
44 29
45 4
46 34
47 20
48 13
49 46
50 7
51 21
52 46
53 18
54 18
55 45
56 40
57 18
58 15
59 46
60 44
61 7
62 45
63 12
64 55
65 3
66 55
67 41
68 36
69 52
70 39
71 46
72 32
73 36
74 50
75 28
76 63
77 36
78 25
79 21
80 59
81 19
82 10
83 43
84 13
85 71
86 56
87 18
88 73
89 53
90 61
91 40
92 22
93 35
94 49
95 18
96 21
97 46
98 13
99 77
100 71
101 38
102 7
103 4
104 85
105 17
106 86
107 50
108 11
109 29
110 96
111 73
112 20
113 63
114 65
115 61
116 86
117 66
118 51
119 99
120 70
121 64
122 14
123 12
124 114
125 80
126 29
127 35
128 49
129 110
130 82
131 14
132 76
133 98
134 81
135 96
136 24
137 35
138 127
139 130
140 66
141 8
142 29
143 52
144 28
145 84
146 62
147 94
148 68
149 15
150 80
151 64
152 124
153 78
154 18
155 4
156 111
157 134
158 123
159 32
160 133
161 100
162 154
163 81
164 97
165 138
166 56
167 68
168 139
169 4
170 131
171 1
172 90
173 130
174 151
175 41
176 41
177 72
178 148
179 41
180 157
181 87
182 4
183 104
184 88
185 105
186 163
187 44
188 138
189 0
190 152
191 63
192 37
193 50
194 66
195 142
196 71
197 68
198 2
199 80
102 6

200
1 0
2 0
3 0
4 2
5 0
6 0
7 1
8 2
9 3
10 7
11 2
12 4
13 12
14 1
15 7
16 12
17 1
18 12
19 7
20 9
21 5
22 10
23 5
24 17
25 19
26 17
27 7
28 15
29 16
30 12
31 25
32 15
33 10
34 22
35 32
36 12
37 9
38 2
39 2
40 18
41 37
42 4
43 28
44 34
45 29
46 26
47 9
48 16
49 31
50 46
51 13
52 48
53 37
54 9
55 43
56 10
57 26
58 34
59 52
60 28
61 8
62 54
63 45
64 59
65 22
66 38
67 62
68 21
69 52
70 34
71 50
72 41
73 17
74 8
75 4
76 1
77 11
78 24
79 25
80 20
81 70
82 19
83 75
84 28
85 48
86 19
87 37
88 7
89 39
90 86
91 79
92 71
93 32
94 32
95 90
96 70
97 49
98 37
99 88
100 89
101 14
102 68
103 12
104 11
105 85
106 69
107 44
108 82
109 78
110 79
111 6
112 94
113 75
114 12
115 36
116 58
117 65
118 50
119 11
120 90
121 62
122 23
123 113
124 46
125 12
126 2
127 21
128 37
129 64
130 63
131 110
132 96
133 17
134 30
135 96
136 115
137 1
138 3
139 138
140 88
141 38
142 50
143 76
144 44
145 35
146 134
147 65
148 54
149 11
150 147
151 140
152 55
153 0
154 39
155 94
156 26
157 131
158 38
159 132
160 101
161 134
162 65
163 119
164 70
165 28
166 116
167 124
168 127
169 140
170 89
171 118
172 131
173 147
174 30
175 11
176 89
177 153
178 97
179 29
180 133
181 31
182 67
183 77
184 6
185 53
186 43
187 89
188 38
189 92
190 129
191 187
192 127
193 142
194 157
195 25
196 122
197 191
198 69
199 28
169 7

200
1 0
2 0
3 0
4 2
5 2
6 0
7 1
8 3
9 0
10 0
11 0
12 3
13 2
14 13
15 13
16 12
17 9
18 16
19 13
20 13
21 2
22 21
23 1
24 19
25 12
26 1
27 19
28 27
29 10
30 5
31 27
32 5
33 17
34 12
35 8
36 23
37 32
38 35
39 23
40 39
41 3
42 11
43 34
44 22
45 17
46 4
47 44
48 27
49 40
50 46
51 27
52 29
53 50
54 2
55 4
56 13
57 11
58 43
59 45
60 44
61 55
62 19
63 32
64 1
65 23
66 18
67 2
68 67
69 54
70 31
71 32
72 55
73 23
74 63
75 67
76 30
77 70
78 28
79 48
80 14
81 40
82 22
83 59
84 9
85 58
86 59
87 79
88 8
89 69
90 76
91 80
92 26
93 74
94 31
95 5
96 90
97 75
98 49
99 61
100 19
101 27
102 99
103 87
104 84
105 78
106 64
107 38
108 106
109 43
110 75
111 32
112 87
113 76
114 40
115 2
116 88
117 52
118 53
119 117
120 107
121 45
122 100
123 72
124 18
125 115
126 17
127 18
128 53
129 39
130 13
131 88
132 43
133 99
134 81
135 20
136 101
137 46
138 27
139 85
140 66
141 48
142 83
143 69
144 106
145 52
146 108
147 105
148 139
149 33
150 4
151 91
152 94
153 31
154 142
155 140
156 33
157 62
158 93
159 109
160 41
161 84
162 85
163 142
164 153
165 66
166 82
167 108
168 110
169 129
170 122
171 21
172 78
173 36
174 165
175 156
176 84
177 9
178 131
179 14
180 160
181 96
182 37
183 9
184 118
185 51
186 125
187 145
188 37
189 82
190 187
191 74
192 153
193 110
194 103
195 43
196 57
197 176
198 102
199 81
198 2

200
1 0
2 0
3 2
4 2
5 1
6 3
7 3
8 4
9 1
10 3
11 9
12 1
13 3
14 9
15 1
16 4
17 6
18 0
19 13
20 17
21 5
22 19
23 2
24 19
25 11
26 7
27 24
28 2
29 5
30 15
31 19
32 19
33 6
34 32
35 33
36 28
37 27
38 18
39 16
40 27
41 26
42 8
43 24
44 21
45 32
46 11
47 32
48 5
49 23
50 2
51 36
52 51
53 45
54 45
55 2
56 34
57 39
58 4
59 10
60 28
61 47
62 56
63 18
64 46
65 41
66 42
67 54
68 60
69 15
70 2
71 62
72 0
73 6
74 58
75 41
76 32
77 34
78 15
79 35
80 20
81 55
82 56
83 70
84 46
85 44
86 3
87 72
88 0
89 11
90 19
91 10
92 69
93 9
94 64
95 38
96 69
97 54
98 12
99 55
100 64
101 40
102 20
103 26
104 77
105 0
106 3
107 1
108 93
109 85
110 81
111 108
112 30
113 70
114 32
115 68
116 106
117 87
118 109
119 80
120 39
121 74
122 61
123 48
124 82
125 33
126 18
127 47
128 85
129 8
130 69
131 91
132 12
133 74
134 35
135 7
136 82
137 5
138 73
139 71
140 48
141 73
142 84
143 9
144 32
145 74
146 81
147 40
148 62
149 47
150 91
151 136
152 64
153 33
154 67
155 109
156 121
157 64
158 63
159 3
160 26
161 59
162 57
163 115
164 29
165 91
166 72
167 79
168 84
169 159
170 61
171 52
172 62
173 145
174 55
175 123
176 34
177 80
178 62
179 112
180 69
181 26
182 24
183 123
184 161
185 110
186 86
187 42
188 173
189 108
190 160
191 99
192 172
193 32
194 43
195 174
196 41
197 73
198 155
199 153
106 0

200
1 0
2 1
3 2
4 1
5 2
6 0
7 5
8 5
9 8
10 9
11 10
12 8
13 8
14 12
15 5
16 4
17 2
18 16
19 5
20 15
21 3
22 1
23 4
24 5
25 24
26 11
27 24
28 23
29 15
30 18
31 24
32 0
33 12
34 11
35 12
36 3
37 28
38 32
39 9
40 0
41 17
42 27
43 35
44 39
45 23
46 5
47 37
48 36
49 2
50 12
51 5
52 25
53 34
54 48
55 9
56 52
57 14
58 3
59 47
60 29
61 16
62 48
63 15
64 11
65 32
66 10
67 63
68 19
69 7
70 59
71 37
72 55
73 0
74 24
75 36
76 1
77 16
78 33
79 37
80 42
81 42
82 34
83 56
84 50
85 8
86 17
87 41
88 41
89 15
90 12
91 57
92 8
93 0
94 38
95 58
96 59
97 59
98 83
99 86
100 43
101 80
102 94
103 43
104 15
105 45
106 54
107 84
108 85
109 16
110 39
111 67
112 54
113 64
114 29
115 99
116 96
117 3
118 11
119 3
120 39
121 96
122 53
123 65
124 60
125 119
126 82
127 62
128 51
129 56
130 12
131 30
132 7
133 31
134 72
135 98
136 48
137 84
138 25
139 138
140 83
141 121
142 38
143 71
144 48
145 60
146 9
147 41
148 78
149 71
150 42
151 119
152 85
153 27
154 113
155 128
156 99
157 94
158 4
159 14
160 50
161 1
162 11
163 158
164 37
165 145
166 99
167 41
168 95
169 72
170 19
171 90
172 77
173 76
174 124
175 139
176 143
177 155
178 177
179 102
180 40
181 41
182 98
183 75
184 46
185 98
186 122
187 108
188 148
189 91
190 91
191 90
192 8
193 137
194 119
195 160
196 140
197 47
198 49
199 47
23 0

200
1 0
2 0
3 1
4 0
5 4
6 2
7 2
8 2
9 3
10 4
11 10
12 0
13 5
14 12
15 14
16 14
17 1
18 9
19 13
20 10
21 7
22 11
23 21
24 14
25 3
26 24
27 17
28 1
29 22
30 18
31 1
32 22
33 22
34 20
35 12
36 3
37 18
38 23
39 14
40 12
41 19
42 10
43 10
44 43
45 33
46 22
47 20
48 32
49 1
50 3
51 17
52 10
53 24
54 27
55 13
56 0
57 27
58 29
59 34
60 1
61 30
62 6
63 37
64 62
65 55
66 59
67 18
68 42
69 0
70 47
71 4
72 10
73 17
74 72
75 18
76 47
77 2
78 62
79 39
80 29
81 12
82 71
83 51
84 31
85 63
86 5
87 27
88 60
89 41
90 83
91 73
92 49
93 56
94 74
95 76
96 63
97 85
98 2
99 33
100 19
101 32
102 17
103 10
104 79
105 48
106 43
107 79
108 20
109 71
110 98
111 33
112 17
113 59
114 61
115 53
116 74
117 102
118 91
119 39
120 116
121 76
122 10
123 89
124 96
125 34
126 69
127 111
128 67
129 126
130 103
131 76
132 56
133 86
134 80
135 58
136 104
137 31
138 48
139 31
140 87
141 105
142 120
143 115
144 32
145 102
146 82
147 137
148 94
149 51
150 68
151 35
152 125
153 116
154 22
155 127
156 35
157 116
158 34
159 104
160 82
161 4
162 108
163 25
164 48
165 27
166 78
167 31
168 83
169 135
170 92
171 20
172 152
173 109
174 20
175 73
176 99
177 148
178 105
179 10
180 23
181 112
182 87
183 39
184 15
185 30
186 166
187 127
188 31
189 106
190 73
191 167
192 93
193 186
194 29
195 44
196 40
197 151
198 71
199 93
35 0

