0
1
2
4
1201960155
1815942558
1405256798
505044016
498007973
1114344066
1820176059
2130510568
1348874057
1327307236
278927582
764509165
1270750382
1337005653
105701267
1822762528
266252539
1036982486
1797035535
892623182
1199430090
805120637
783542677
381983866
1259133128
777560477
154333878
1981171933
1718162103
1705497136
1868037474
772638610
1373956046
1125810624
1277682627
1871964019
92671042
950375038
1854990939
1441545100
130198627
2133918522
58570617
1400949009
1323440527
164271884
1076227889
1589693066
1201254370
725779777
334832600
253200812
1530900414
1118375278
635184679
642549894
1895935755
789518557
476238179
1466614211
347532045
196792005
91769173
1721488091
1322602630
1369451800
1445968463
1415273672
172343191
1153475754
709335124
302541818
1139910628
767905741
1703490827
315867508
932177625
632235068
1905560574
2133431996
1358014845
92909527
239149160
741431612
1211284805
874333839
1383981506
959736912
1663852396
1860219686
278867475
2011384441
2057011691
370636649
1585388885
1232130673
1740088449
883873700
499920698
1912431640
